1 2 0
1 3 2
54 21 53
49 50 4
46 6 45
15 11 12
16 17 10
10 17 9
17 18 9
44 7 8
43 8 9
43 8 44
43 42 9
9 18 42
13 4 52
4 50 51
51 52 4
52 53 13
22 21 54
21 13 53
4 5 48
49 4 48
5 47 48
47 5 46
5 19 46
19 6 46
6 7 45
20 14 12
14 15 12
10 11 16
11 15 16
44 45 7
41 18 55
40 55 56
39 56 57
57 38 39
67 66 65
68 65 64
69 63 68
68 64 63
70 63 69
71 62 70
61 72 60
73 59 72
72 59 60
59 74 58
75 58 74
58 75 76
38 58 76
78 80 81
82 78 81
77 82 83
88 90 89
87 90 88
86 90 87
86 85 90
76 84 85
76 85 38
38 91 92
85 91 90
35 92 36
35 34 92
41 42 18
40 41 55
39 40 56
57 58 38
68 67 65
70 62 63
71 61 62
61 71 72
59 73 74
78 79 80
82 77 78
83 84 76
76 77 83
38 85 91
36 37 92
38 92 37
145 91 96
96 95 91
94 91 95
93 91 94
91 93 90
91 145 92
144 92 145
143 92 144
137 92 143
92 137 136
34 33 92
33 32 92
92 32 146
136 146 92
146 136 31
135 31 136
134 30 135
133 29 134
132 28 133
24 132 131
25 131 130
130 26 25
23 26 121
26 129 121
129 122 121
128 123 122
123 126 124
125 124 126
203 158 159
160 203 159
161 157 160
162 156 161
163 155 162
164 154 163
153 164 165
152 165 153
167 168 169
166 169 170
171 166 170
165 152 171
152 172 171
151 173 172
150 174 173
149 175 174
148 176 175
183 184 185
186 183 185
187 182 186
188 181 187
189 180 188
178 189 190
178 191 177
205 176 147
192 177 191
193 177 192
197 196 204
142 204 205
204 196 195
195 205 194
205 204 195
194 177 205
197 206 198
141 140 202
141 202 201
200 141 201
141 200 206
206 199 198
206 200 199
140 139 202
138 202 139
143 201 137
144 200 143
144 198 199
96 198 145
232 110 207
110 232 109
108 232 233
233 107 108
234 106 107
106 236 105
105 236 104
104 236 103
235 233 213
213 232 212
232 211 212
211 207 208
211 208 209
211 209 210
231 211 210
230 211 231
228 230 229
230 228 227
226 230 227
230 226 211
223 226 225
224 223 225
226 223 211
211 214 212
211 223 214
213 212 214
214 222 215
215 221 216
216 220 217
220 219 217
219 218 217
214 215 213
215 216 213
213 216 235
216 217 235
217 218 235
234 235 236
235 218 236
236 237 102
102 103 236
236 218 237
101 102 237
100 101 237
258 97 96
97 256 120
120 254 119
256 255 120
119 252 118
254 253 119
118 251 117
117 250 116
116 249 115
249 115 247
111 112 99
99 98 111
99 113 100
113 114 100
115 100 114
297 100 115
100 297 296
100 296 298
237 298 100
237 298 238
238 241 298
296 241 243
297 243 244
247 297 244
197 96 258
246 295 294
245 294 293
292 245 293
292 291 242
290 242 291
289 240 290
239 271 237
289 273 272
272 271 289
239 289 271
273 289 274
274 289 275
289 276 275
277 288 287
287 278 277
286 279 278
285 280 279
281 280 284
283 281 284
237 218 271
260 218 271
261 271 270
262 270 269
269 263 262
264 268 267
265 267 266
218 219 259
220 259 219
224 222 223
222 224 221
220 221 224
259 220 224
137 201 138
135 30 31
134 29 30
133 28 29
132 27 28
24 27 132
25 24 131
130 129 26
129 128 122
128 127 123
123 127 126
160 157 203
161 156 157
162 155 156
163 154 155
164 153 154
166 167 169
171 165 166
152 151 172
151 150 173
150 149 174
149 148 175
148 147 176
186 182 183
187 181 182
188 180 181
189 179 180
178 179 189
178 190 191
147 142 205
205 177 176
204 142 141
141 197 204
194 193 177
197 141 206
138 201 202
143 200 201
144 199 200
144 145 198
96 197 198
108 109 232
233 234 107
234 236 106
235 234 233
213 233 232
232 207 211
214 223 222
215 222 221
216 221 220
258 257 97
97 257 256
120 255 254
119 253 252
118 252 251
117 251 250
116 250 249
99 112 113
296 298 241
297 296 243
247 115 297
246 248 295
245 246 294
292 242 245
290 240 242
289 239 240
289 288 276
277 276 288
287 286 278
286 285 279
285 284 280
283 282 281
260 259 218
261 260 271
262 261 270
269 268 263
264 263 268
265 264 267
229 300 228
300 227 228
301 226 227
302 225 226
303 224 225
299 229 318
299 317 318
319 318 317
316 319 317
229 299 300
300 301 227
301 302 226
302 303 225
303 304 224
353 354 352
352 540 351
361 362 360
360 362 359
363 359 362
364 358 363
357 364 356
367 368 366
368 365 366
365 370 364
363 358 359
364 357 358
368 369 365
365 369 370
319 316 320
321 320 316
316 315 321
315 322 321
329 330 328
327 326 328
326 325 328
330 331 328
328 325 331
331 324 325
332 323 324
333 322 323
335 322 334
315 314 335
313 335 314
312 335 313
337 348 336
338 348 337
339 347 338
340 346 339
341 345 340
341 342 344
344 342 343
356 349 350
350 351 355
355 356 350
364 348 356
370 348 364
348 349 356
382 335 381
348 370 381
381 335 348
335 336 348
335 312 382
383 312 311
384 311 310
384 309 385
308 385 309
308 307 385
385 306 386
386 305 387
258 401 197
392 391 399
391 390 400
390 389 400
400 399 391
399 398 392
398 397 392
397 393 392
396 393 397
395 394 396
395 396 401
401 395 197
397 401 388
397 398 388
398 399 388
399 400 388
400 389 387
387 389 386
389 390 386
197 395 402
402 409 197
403 408 409
404 407 408
406 405 407
423 422 424
421 424 422
421 426 425
420 427 426
427 419 402
402 395 419
395 419 394
394 419 393
392 393 419
382 446 445
446 447 381
448 381 370
370 450 449
448 449 370
451 371 372
430 372 373
429 373 374
374 428 429
375 376 428
432 433 431
431 434 428
435 428 434
377 435 376
377 378 436
378 379 436
379 380 436
382 383 445
456 452 445
452 455 456
455 453 454
445 383 452
452 383 474
473 383 384
472 470 471
472 473 470
473 474 383
473 384 470
470 384 469
469 384 468
384 385 468
385 386 478
477 385 476
385 478 477
385 475 476
385 475 468
419 481 392
391 481 480
390 480 479
479 386 390
464 476 477
475 465 466
475 467 468
475 466 467
477 478 464
485 479 480
481 485 480
482 485 481
484 478 479
478 483 464
486 436 380
436 486 487
437 497 436
497 487 488
436 487 497
497 488 489
498 497 496
437 498 497
438 499 498
440 499 439
441 500 440
442 501 441
443 502 442
444 502 443
489 494 495
495 496 489
489 496 497
492 489 490
492 493 494
491 492 490
503 444 445
504 445 456
456 505 504
507 457 458
506 505 507
507 508 506
458 510 507
510 460 511
516 464 483
463 514 513
462 513 512
462 512 461
461 511 460
522 509 521
521 523 522
523 519 524
524 518 525
518 517 525
526 525 517
515 526 517
484 516 483
484 485 515
541 540 352
355 351 540
541 352 354
630 485 542
542 482 543
482 419 543
419 418 543
543 416 544
417 543 418
544 415 545
551 414 415
415 551 545
545 550 546
413 551 552
557 413 552
411 557 410
552 556 557
552 555 556
553 554 555
549 546 550
546 547 548
546 549 548
331 332 324
332 333 323
333 334 322
335 315 322
338 347 348
339 346 347
340 345 346
341 344 345
383 382 312
384 383 311
384 310 309
385 307 306
386 306 305
258 388 401
396 394 393
397 396 401
402 403 409
403 404 408
404 406 407
421 425 424
421 420 426
420 419 427
382 381 446
448 447 381
370 371 450
451 450 371
430 451 372
429 430 373
374 375 428
431 433 434
435 376 428
377 436 435
452 453 455
419 482 481
391 392 481
390 391 480
479 478 386
464 465 476
475 476 465
485 484 479
484 483 478
437 438 498
438 439 499
440 500 499
441 501 500
442 502 501
492 494 489
503 502 444
504 503 445
456 457 505
507 505 457
507 509 508
458 459 510
510 459 460
516 514 464
463 464 514
462 463 513
461 512 511
522 508 509
521 520 523
523 520 519
524 519 518
484 515 516
542 485 482
543 417 416
544 416 415
545 551 550
413 414 551
557 412 413
411 412 557
552 553 555
492 537 493
565 535 536
528 565 564
564 527 528
527 563 539
539 562 538
562 537 538
492 558 562
559 562 558
560 568 559
561 567 560
566 570 534
534 571 570
572 529 530
530 573 572
531 574 532
566 561 569
579 569 561
580 569 579
580 619 578
577 578 619
532 596 533
626 625 532
624 623 574
624 574 625
532 574 625
623 622 574
575 622 574
576 621 575
577 620 576
582 619 618
583 618 617
584 617 616
616 597 584
585 584 615
614 585 615
613 586 614
595 587 613
588 594 589
589 593 590
590 592 627
591 627 592
602 603 601
584 606 615
584 597 606
598 606 597
603 600 601
599 604 605
605 628 599
628 598 599
611 608 610
610 608 609
612 607 611
612 613 606
613 614 606
615 606 614
639 638 632
637 636 633
636 635 634
633 636 634
633 632 637
632 631 639
637 632 638
640 638 639
542 629 630
630 515 485
528 536 565
564 563 527
539 563 562
562 492 537
492 491 558
559 568 562
560 567 568
561 566 567
566 569 570
534 529 571
572 571 529
530 531 573
531 573 574
580 578 569
580 581 619
532 626 596
575 621 622
576 620 621
577 619 620
582 581 619
583 582 618
584 583 617
614 586 585
613 587 586
595 588 587
588 595 594
589 594 593
590 593 592
603 604 600
599 600 604
628 606 598
611 607 608
612 606 607
661 651 662
647 649 648
649 641 642
646 642 643
649 647 646
646 643 645
643 644 645
659 662 652
661 659 660
658 657 659
652 657 653
653 657 656
655 653 656
654 653 655
691 664 663
664 689 690
664 691 690
665 688 689
668 666 667
673 672 671
673 671 670
673 670 674
669 674 670
668 675 669
676 688 668
677 687 676
677 685 686
685 684 683
685 682 683
678 681 682
679 680 681
696 695 694
693 696 694
700 693 692
752 701 692
751 707 752
692 701 700
696 699 697
699 698 697
703 702 704
706 705 704
704 702 706
706 701 707
712 711 710
709 712 710
713 709 708
713 708 714
728 714 715
728 716 727
717 727 716
726 717 718
725 726 719
718 719 726
719 724 725
720 723 724
722 723 721
714 729 730
708 746 714
730 746 745
731 745 744
743 731 744
734 736 735
734 732 733
731 732 734
734 731 736
736 731 753
753 743 742
753 731 743
742 740 753
739 753 740
737 739 738
753 737 736
746 751 747
747 751 750
747 750 748
749 748 750
777 754 755
756 777 755
756 775 776
774 757 758
759 774 758
773 760 761
773 762 763
763 772 773
764 771 772
765 770 771
766 769 770
767 768 769
734 735 733
649 650 641
646 649 642
659 661 662
652 659 657
664 665 689
665 666 688
668 688 666
669 675 674
668 676 675
676 687 688
677 686 687
677 678 685
685 678 682
678 679 681
700 696 693
752 707 701
751 708 707
696 700 699
706 702 701
709 713 712
728 729 714
728 715 716
726 727 717
719 720 724
720 721 723
708 751 746
730 714 746
731 730 745
742 741 740
737 753 739
756 776 777
756 757 775
774 775 757
759 773 774
773 759 760
773 761 762
763 764 772
764 765 771
765 766 770
766 767 769
808 810 807
811 807 810
780 806 811
779 805 804
804 778 779
781 803 778
782 802 781
794 800 793
799 794 796
795 796 794
797 796 798
798 799 796
818 792 819
817 792 818
817 791 792
815 791 816
812 815 814
814 789 812
785 786 813
789 813 786
786 788 789
808 809 810
811 806 807
780 805 806
779 780 805
804 803 778
781 802 803
782 801 802
794 799 800
817 816 791
815 790 791
812 790 815
814 813 789
786 787 788
784 783 829
784 828 820
820 827 821
821 826 822
826 823 822
824 823 825
784 829 828
820 828 827
821 827 826
826 825 823
830 834 833
833 832 830
831 830 832
847 848 846
845 848 849
844 849 850
844 850 843
843 850 851
842 843 851
842 852 851
852 840 853
840 839 878
840 878 853
853 878 856
853 856 854
855 854 856
856 878 857
857 878 877
876 857 877
878 838 879
879 837 880
880 836 881
836 835 881
857 875 858
874 858 875
873 864 874
882 864 859
874 864 882
863 859 864
860 862 861
864 865 866
867 866 872
864 873 866
866 873 872
871 867 872
868 870 869
878 879 877
845 846 848
844 845 849
842 841 852
852 841 840
878 839 838
879 838 837
880 837 836
857 876 875
874 882 858
863 860 859
860 863 862
871 868 867
868 871 870
884 883 885
894 895 893
903 904 913
984 981 982
983 984 982
1036 1042 1035
1042 1036 1041
1036 1037 1041
1041 1037 1040
1037 1038 1040
1038 1039 1040
893 895 987
987 895 1047
1047 988 987
1048 989 988
989 1049 990
1050 990 1049
1051 991 1050
1031 1051 1052
992 1031 993
1017 1032 1031
1031 1017 993
1017 1046 1032
1032 1039 1033
1038 1033 1039
1036 1035 1037
1037 1034 1038
1045 1039 1046
1044 1040 1045
1043 1041 1044
994 1017 1018
995 1018 1019
1020 995 996
996 1021 997
998 1021 1022
1022 901 1023
901 998 1022
998 900 999
999 1000 1001
999 899 1001
1001 899 1057
1001 1002 1057
1002 898 1057
1002 1003 898
1005 1003 1004
1007 1008 1006
1006 898 1005
1006 1008 898
1008 1012 1013
1009 1012 1008
1010 1011 1009
898 1008 1013
1058 1013 1059
1013 1058 898
942 1014 1013
1059 943 1013
943 942 1013
943 1059 897
943 897 944
941 1014 942
940 1015 941
939 1016 940
938 939 955
937 955 956
936 956 957
957 935 936
958 888 889
959 960 958
961 958 960
961 889 958
964 962 963
962 965 961
966 961 965
889 890 966
967 968 966
968 890 891
970 971 969
969 972 968
972 973 968
974 968 973
974 891 968
974 980 981
976 979 975
979 975 980
976 977 978
981 974 982
891 983 982
974 982 891
891 892 983
892 893 987
987 986 892
985 892 986
983 985 984
892 985 983
947 945 944
944 897 947
896 947 897
954 926 947
954 948 953
953 949 948
951 950 952
950 949 952
931 930 932
933 930 932
934 917 930
888 917 887
887 907 886
907 916 908
909 916 915
886 906 885
906 905 885
905 904 885
903 885 883
903 904 885
911 912 913
913 911 903
903 883 911
911 883 914
925 911 910
910 915 909
924 923 914
1062 926 896
926 1062 921
923 922 921
1061 921 1062
1060 923 1061
914 883 1060
921 927 920
927 920 928
919 928 929
919 930 918
917 918 930
902 1024 1023
1023 901 902
1025 1024 902
1056 1026 1025
902 1056 1025
1027 1055 1054
1028 1054 1053
1028 1053 1029
1029 1053 1030
1031 1030 1052
1053 1052 1030
1047 1048 988
1048 1049 989
1050 991 990
1051 992 991
992 1051 1031
1032 1046 1039
1038 1034 1033
1037 1035 1034
1045 1040 1039
1044 1041 1040
1043 1042 1041
994 993 1017
995 994 1018
1020 1019 995
996 1020 1021
998 997 1021
901 900 998
999 900 899
1005 898 1003
1009 1011 1012
941 1015 1014
940 1016 1015
939 955 1016
937 938 955
936 937 956
957 958 935
958 935 888
962 964 965
966 889 961
968 966 890
969 971 972
974 975 980
976 978 979
947 946 945
896 926 947
954 947 948
953 952 949
933 934 930
934 935 917
888 935 917
887 917 907
907 917 916
909 908 916
886 907 906
925 914 911
910 925 915
1061 923 921
1060 914 923
921 926 927
919 920 928
919 929 930
1056 1055 1026
1027 1026 1055
1028 1027 1054
1068 1067 1063
1063 1066 1068
1066 1065 1064
1068 1066 1064
1069 1072 1070
1072 1069 1071
1069 1073 1071
1102 1085 1084
1094 1086 1085
1076 1095 1077
1077 1095 1089
1087 1095 1088
1088 1089 1095
1087 1086 1095
1075 1096 1076
1074 1097 1075
1090 1098 1074
1104 1098 1112
1098 1113 1112
1098 1114 1113
1078 1114 1098
1078 1115 1114
1078 1079 1115
1098 1092 1093
1098 1091 1092
1102 1094 1085
1094 1095 1086
1076 1096 1095
1075 1097 1096
1074 1098 1097
1078 1098 1093
1098 1090 1091
1109 1101 1103
1101 1107 1100
1100 1106 1099
1104 1117 1098
1080 1103 1102
1110 1103 1111
1103 1110 1109
1080 1081 1102
1081 1082 1083
1083 1102 1084
1102 1081 1083
1109 1108 1101
1101 1108 1107
1100 1107 1106
1099 1116 1098
1080 1111 1103
1116 1120 1098
1120 1121 1098
1098 1117 1121
1116 1106 1119
1119 1106 1118
1117 1105 1118
1106 1105 1118
1104 1105 1117
1099 1106 1116
1133 1134 1139
1140 1133 1139
1133 1141 1132
1141 1142 1132
1131 1142 1143
1130 1143 1144
1129 1144 1145
1145 1126 1146
1145 1126 1129
1129 1135 1126
1126 1125 1135
1135 1136 1125
1136 1137 1124
1137 1123 1124
1123 1138 1122
1127 1128 1149
1148 1127 1149
1148 1146 1147
1146 1127 1126
1125 1136 1124
1140 1141 1133
1131 1132 1142
1130 1131 1143
1129 1130 1144
1137 1138 1123
1146 1148 1127
1162 1172 1171
1162 1161 1173
1161 1174 1173
1173 1172 1162
1164 1163 1170
1163 1162 1171
1170 1163 1171
1166 1165 1168
1165 1164 1170
1168 1167 1166
1170 1169 1165
1169 1168 1165
1160 1161 1159
1155 1156 1152
1158 1159 1151
1151 1152 1157
1152 1153 1155
1151 1157 1158
1153 1154 1155
1156 1157 1152
1185 1184 1177
1186 1176 1175
1183 1182 1179
1182 1181 1180
1179 1182 1180
1179 1178 1183
1178 1177 1184
1177 1175 1176
1176 1186 1185
1184 1183 1178
1176 1185 1177
1151 1159 1161
1174 1150 1161
1150 1151 1161
1150 1174 1224
1224 1174 1223
1223 1175 1222
1186 1175 1187
1217 1175 1222
1221 1217 1222
1218 1221 1219
1219 1221 1220
1216 1220 1215
1218 1219 1216
1218 1216 1217
1194 1187 1195
1187 1194 1186
1186 1193 1188
1226 1188 1192
1189 1225 1192
1191 1190 1189
1188 1193 1192
1199 1198 1197
1199 1196 1200
1200 1195 1201
1187 1217 1195
1195 1217 1201
1216 1208 1217
1208 1201 1217
1208 1207 1201
1201 1206 1202
1202 1205 1203
1203 1205 1204
1209 1216 1210
1215 1210 1216
1210 1215 1211
1211 1215 1212
1215 1213 1212
1215 1214 1213
1223 1174 1175
1217 1187 1175
1221 1218 1217
1216 1219 1220
1186 1194 1193
1192 1191 1189
1199 1197 1196
1200 1196 1195
1216 1209 1208
1201 1207 1206
1202 1206 1205
1226 1192 1225
1232 1248 1233
1234 1248 1247
1247 1235 1246
1246 1236 1245
1244 1236 1237
1242 1238 1241
1238 1244 1237
1241 1239 1240
1253 1252 1227
1230 1252 1251
1228 1251 1250
1250 1229 1228
1229 1249 1231
1234 1233 1248
1247 1234 1235
1246 1235 1236
1244 1245 1236
1242 1243 1238
1238 1243 1244
1241 1242 1239
1230 1227 1252
1228 1230 1251
1250 1249 1229
1255 1257 1277
1256 1277 1276
1275 1277 1257
1266 1275 1274
1264 1276 1277
1264 1259 1258
1259 1262 1260
1261 1260 1262
1271 1270 1269
1268 1271 1269
1267 1272 1268
1273 1266 1274
1256 1254 1277
1254 1255 1277
1266 1277 1275
1264 1258 1276
1264 1263 1259
1259 1263 1262
1268 1272 1271
1267 1273 1272
1273 1267 1266
1278 1254 1265
1279 1265 1280
1282 1280 1281
1282 1281 1283
1286 1287 1288
1289 1286 1288
1290 1285 1289
1283 1291 1284
1284 1290 1291
1291 1283 1292
1283 1293 1292
1283 1294 1293
1283 1297 1294
1283 1296 1297
1296 1281 1295
1296 1283 1281
1330 1295 1281
1298 1329 1299
1328 1299 1329
1300 1327 1301
1301 1326 1302
1326 1303 1302
1325 1304 1303
1304 1323 1324
1322 1305 1306
1321 1306 1307
1320 1307 1308
1319 1308 1309
1309 1318 1319
1310 1317 1318
1311 1316 1317
1313 1312 1315
1312 1315 1316
1314 1313 1315
1278 1255 1254
1279 1278 1265
1282 1279 1280
1289 1285 1286
1290 1284 1285
1330 1298 1295
1298 1330 1329
1328 1300 1299
1300 1328 1327
1301 1327 1326
1326 1325 1303
1325 1324 1304
1304 1305 1323
1322 1323 1305
1321 1322 1306
1320 1321 1307
1319 1320 1308
1309 1310 1318
1310 1311 1317
1311 1312 1316
1348 1349 1350
1348 1351 1350
1347 1352 1351
1346 1353 1352
1345 1344 1353
1339 1341 1340
1342 1339 1338
1337 1342 1338
1337 1336 1343
1332 1361 1362
1362 1333 1332
1333 1362 1360
1360 1359 1333
1334 1359 1358
1333 1334 1359
1357 1334 1358
1335 1357 1354
1334 1335 1357
1354 1356 1355
1348 1347 1351
1347 1346 1352
1346 1345 1353
1342 1341 1339
1337 1343 1342
1332 1331 1361
1362 1361 1333
1354 1357 1356
1308 1307 1385
1307 1306 1385
1306 1305 1385
1304 1385 1305
1303 1304 1385
1303 1385 1302
1364 1414 1363
1413 1414 1364
1413 1365 1412
1412 1366 1411
1411 1367 1410
1410 1367 1398
1410 1399 1409
1409 1400 1408
1408 1401 1407
1407 1402 1406
1406 1403 1405
1403 1404 1405
1397 1367 1368
1369 1397 1396
1368 1369 1397
1369 1370 1396
1371 1396 1370
1371 1388 1396
1396 1389 1395
1395 1390 1394
1394 1391 1393
1392 1393 1391
1387 1371 1372
1387 1373 1386
1386 1374 1384
1384 1375 1383
1383 1376 1382
1381 1376 1377
1379 1380 1378
1380 1377 1378
1424 1423 1425
1466 1467 1468
1465 1468 1469
1464 1469 1470
1463 1470 1471
1462 1471 1472
1461 1472 1473
1460 1473 1474
1474 1475 1508
1459 1460 1508
1460 1474 1508
1508 1509 1457
1458 1459 1457
1459 1508 1457
1475 1507 1508
1476 1506 1507
1477 1505 1506
1504 1505 1478
1478 1479 1503
1503 1504 1478
1509 1521 1457
1510 1520 1521
1511 1519 1520
1518 1519 1512
1518 1513 1517
1517 1514 1516
1515 1516 1514
1503 1492 1502
1479 1492 1503
1479 1491 1492
1492 1501 1502
1493 1500 1501
1500 1495 1499
1495 1498 1499
1496 1497 1498
1489 1490 1481
1480 1490 1491
1481 1488 1489
1482 1487 1488
1483 1486 1487
1484 1485 1486
1456 1457 1455
1456 1457 1458
1453 1455 1456
1453 1451 1454
1450 1451 1452
1447 1449 1448
1449 1450 1447
1446 1447 1448
1413 1364 1365
1412 1365 1366
1411 1366 1367
1410 1398 1399
1409 1399 1400
1408 1400 1401
1407 1401 1402
1406 1402 1403
1397 1398 1367
1396 1388 1389
1395 1389 1390
1394 1390 1391
1387 1388 1371
1387 1372 1373
1386 1373 1374
1384 1374 1375
1383 1375 1376
1381 1382 1376
1380 1381 1377
1465 1466 1468
1464 1465 1469
1463 1464 1470
1462 1463 1471
1461 1462 1472
1460 1461 1473
1475 1476 1507
1476 1477 1506
1477 1478 1505
1509 1510 1521
1510 1511 1520
1511 1512 1519
1518 1512 1513
1517 1513 1514
1479 1480 1491
1492 1493 1501
1493 1494 1500
1500 1494 1495
1495 1496 1498
1480 1481 1490
1481 1482 1488
1482 1483 1487
1483 1484 1486
1453 1454 1455
1453 1452 1451
1450 1449 1451
1538 1532 1533
1533 1534 1537
1534 1535 1536
1537 1534 1536
1537 1538 1533
1531 1532 1539
1530 1540 1541
1544 1545 1525
1532 1538 1539
1539 1540 1530
1530 1531 1539
1541 1542 1528
1528 1529 1541
1529 1530 1541
1547 1522 1523
1523 1524 1546
1524 1525 1545
1546 1524 1545
1526 1527 1543
1527 1528 1542
1543 1527 1542
1547 1523 1546
1525 1526 1544
1544 1526 1543
1527 1445 1485
1485 1484 1528
1484 1529 1528
1528 1527 1485
1478 1477 1531
1476 1475 1533
1533 1532 1476
1532 1531 1477
1476 1532 1477
1531 1530 1479
1530 1529 1481
1481 1529 1482
1529 1484 1483
1481 1480 1530
1529 1483 1482
1479 1530 1480
1479 1478 1531
1473 1472 1535
1468 1467 1535
1534 1533 1474
1533 1475 1474
1468 1535 1469
1535 1534 1473
1470 1535 1471
1470 1469 1535
1472 1471 1535
1474 1473 1534
1548 1467 1549
1549 1550 1548
1437 1556 1438
1439 1557 1440
1439 1438 1556
1440 1558 1557
1442 1441 1558
1558 1443 1444
1578 1577 1576
1579 1576 1575
1575 1580 1579
1574 1581 1580
1582 1573 1572
1572 1583 1582
1584 1571 1570
1585 1570 1569
1593 1585 1586
1569 1593 1568
1554 1568 1593
1436 1568 1437
1436 1435 1568
1568 1434 1567
1434 1433 1567
1433 1432 1567
1432 1431 1567
1566 1567 1431
1566 1417 1565
1431 1418 1419
1419 1430 1431
1430 1429 1420
1420 1428 1429
1421 1426 1427
1425 1422 1423
1554 1593 1594
1586 1592 1593
1592 1587 1591
1554 1595 1594
1596 1555 1553
1591 1588 1590
1588 1589 1590
1597 1553 1552
1552 1551 1597
1427 1421 1428
1601 1598 1599
1607 1606 1605
1604 1607 1605
1603 1608 1604
1600 1601 1599
1621 1600 1602
1600 1602 1601
1602 1609 1603
1602 1620 1621
1620 1610 1602
1611 1620 1619
1619 1612 1611
1618 1613 1612
1617 1614 1613
1616 1615 1614
1627 1626 1625
1623 1622 1644
1628 1625 1624
1643 1623 1644
1629 1628 1624
1624 1643 1629
1641 1640 1639
1642 1629 1643
1630 1642 1641
1638 1641 1639
1630 1638 1631
1631 1637 1632
1637 1636 1632
1632 1635 1633
1635 1634 1633
1647 1645 1648
1648 1651 1649
1650 1649 1651
1652 1654 1653
1665 1654 1655
1664 1655 1656
1656 1663 1664
1663 1658 1662
1662 1660 1661
1659 1661 1660
1565 1416 1564
1564 1415 1559
1559 1563 1564
1562 1563 1560
1561 1562 1560
1548 1535 1467
1437 1554 1556
1439 1556 1557
1440 1441 1558
1558 1442 1443
1579 1578 1576
1575 1574 1580
1574 1573 1581
1582 1581 1573
1572 1571 1583
1584 1583 1571
1585 1584 1570
1569 1585 1593
1554 1437 1568
1568 1435 1434
1566 1418 1417
1431 1566 1418
1419 1420 1430
1420 1421 1428
1421 1422 1426
1425 1426 1422
1592 1586 1587
1554 1555 1595
1596 1595 1555
1591 1587 1588
1597 1596 1553
1604 1608 1607
1603 1609 1608
1602 1610 1609
1620 1611 1610
1619 1618 1612
1618 1617 1613
1617 1616 1614
1628 1627 1625
1643 1624 1623
1630 1629 1642
1630 1641 1638
1631 1638 1637
1632 1636 1635
1647 1646 1645
1648 1645 1651
1665 1653 1654
1664 1665 1655
1656 1657 1663
1663 1657 1658
1662 1658 1660
1565 1417 1416
1564 1416 1415
1559 1560 1563
1670 1669 1675
1671 1675 1674
1674 1672 1671
1668 1673 1666
1667 1666 1673
1677 1676 1685
1684 1677 1685
1683 1678 1684
1683 1680 1679
1682 1681 1680
1725 1726 1727
1728 1725 1727
1724 1729 1723
1730 1723 1729
1706 1731 1705
1705 1732 1704
1704 1733 1703
1702 1703 1733
1686 1722 1721
1720 1686 1721
1719 1687 1720
1689 1719 1718
1718 1690 1689
1690 1718 1691
1693 1694 1695
1696 1693 1695
1691 1696 1692
1696 1718 1712
1696 1712 1711
1697 1696 1711
1698 1697 1711
1711 1699 1698
1699 1711 1710
1700 1710 1709
1701 1709 1708
1705 1708 1707
1705 1707 1706
1716 1715 1734
1714 1716 1734
1713 1717 1714
1718 1717 1713
1718 1713 1712
1671 1670 1675
1674 1673 1672
1672 1673 1668
1684 1678 1677
1683 1679 1678
1683 1682 1680
1728 1724 1725
1724 1728 1729
1730 1706 1723
1706 1730 1731
1705 1731 1732
1704 1732 1733
1720 1687 1686
1719 1688 1687
1689 1688 1719
1696 1692 1693
1691 1718 1696
1700 1699 1710
1701 1700 1709
1705 1701 1708
1714 1717 1716
1744 1745 1746
1747 1744 1746
1742 1747 1748
1741 1748 1749
1740 1749 1750
1762 1761 1763
1759 1760 1762
1759 1758 1751
1752 1759 1751
1759 1762 1752
1752 1764 1753
1764 1754 1753
1766 1754 1764
1766 1768 1754
1750 1768 1740
1736 1735 1757
1756 1736 1757
1756 1738 1737
1739 1738 1755
1763 1755 1765
1765 1739 1767
1740 1767 1739
1747 1743 1744
1742 1743 1747
1741 1742 1748
1740 1741 1749
1762 1760 1761
1752 1762 1764
1750 1754 1768
1756 1737 1736
1756 1755 1738
1763 1761 1755
1765 1755 1739
1769 1772 1771
1770 1769 1798
1798 1773 1770
1777 1779 1778
1780 1777 1776
1781 1776 1775
1781 1775 1782
1784 1785 1783
1785 1782 1783
1775 1786 1774
1774 1787 1773
1799 1770 1773
1812 1773 1787
1813 1799 1812
1814 1800 1813
1815 1801 1814
1819 1803 1802
1804 1805 1803
1806 1803 1805
1803 1806 1819
1819 1806 1807
1808 1819 1807
1819 1816 1808
1808 1817 1809
1809 1818 1810
1818 1811 1810
1811 1911 1820
1820 1912 1821
1821 1913 1822
1822 1914 1823
1823 1915 1824
1824 1916 1825
1977 1916 1917
1916 1977 1825
1825 1997 1826
1918 1977 1978
1978 1979 1918
1919 1918 1920
1920 1921 1918
1918 1979 1921
1979 1980 1921
1981 1983 1980
1921 1980 1983
1922 1983 1921
1983 1922 1984
1984 1923 1985
1986 1923 1985
1987 1924 1986
1987 1988 1925
1988 1989 1925
1925 1989 1926
1926 1927 1989
1826 1996 1827
1827 1995 1828
1995 1828 1994
1828 1993 1994
1992 1829 1830
1831 2004 2005
1992 1830 1991
1991 1830 1990
1989 1990 1830
1989 1927 1830
1927 1928 1830
1999 1830 1928
1928 1929 1999
1929 1998 1930
1999 1929 1998
1930 2024 1931
1931 2023 1932
1932 2022 1933
2022 1933 2021
1934 2021 2020
1935 2020 2019
2019 2018 1935
1935 2017 1938
2017 1938 2016
2015 2016 1938
2015 1936 1938
2014 1936 2013
2012 2013 1936
1811 1818 1911
1910 1818 1817
1910 1817 1909
1817 1882 1909
1883 1909 1908
1882 1881 1817
1881 1880 1817
1880 1879 1817
1816 1879 1817
1878 1877 1816
1815 1877 1816
1876 1875 1815
1884 1883 1908
1884 1908 1885
1886 1885 1908
1887 1886 1908
1887 1908 1888
1888 1908 1889
1889 1908 1890
1908 1890 1976
1976 1891 1890
1975 1973 1974
1973 1972 1975
1972 1971 1975
1975 1971 1891
1971 1970 1891
1970 1969 1891
1891 1969 1892
1892 1968 1893
1893 1967 1894
1860 1967 1861
1860 1895 1894
1896 1859 1858
1897 1858 1857
1897 1857 1898
1904 1857 1905
1903 1857 1904
1903 1902 1857
1898 1857 1902
1902 1901 1898
1901 1900 1899
1898 1901 1899
1856 1907 1906
1905 1857 1906
1857 1856 1906
1907 1856 1855
1855 1854 1875
1875 1907 1855
1852 1854 1853
1852 1851 1854
1854 1851 1875
1850 1851 1875
1815 1814 1875
1814 1850 1875
1814 1849 1850
1848 1813 1812
1848 1847 1812
1846 1812 1845
1846 1833 1812
1847 1843 1844
1844 1845 1847
1845 1812 1847
1833 1787 1788
1833 1812 1787
1796 1797 2352
2352 1795 1796
2350 1795 2351
1794 2349 2350
2349 1792 2348
2348 1791 2347
1791 1790 2347
2319 2362 2361
2361 2320 2319
2321 2360 2359
2322 2359 2358
2358 2323 2357
2323 2356 2357
2323 2355 2356
2323 2354 2355
2065 2026 2025
2027 2064 2063
2027 2062 2028
2062 2061 2323
2323 2062 2354
2353 2028 2062
2062 2353 2354
2028 2347 2029
2347 1790 2029
1789 1833 1788
1789 1790 1833
2029 1833 1834
2029 1790 1833
1834 2030 2029
1835 2031 2030
2031 1836 2032
2040 2034 1839
2032 1836 1837
1837 1838 2032
1838 1839 2033
2032 1838 2033
1839 1840 2041
2041 2099 1840
2041 2040 1839
2040 2039 2035
2039 2038 2035
2035 2038 2036
2038 2037 2036
2035 2034 2040
2034 2033 1839
2041 2042 2099
2070 2069 2056
2065 2025 2066
2025 2060 2067
2066 2025 2067
2060 2059 2067
2059 2058 2068
2067 2059 2068
2058 2057 2068
2057 2056 2069
2068 2057 2069
2056 2055 2070
2055 2054 2070
2054 2053 2071
2053 2052 2071
2071 2070 2054
2333 2048 2049
2052 2071 2325
2325 2326 2052
2326 2327 2052
2327 2328 2052
2328 2329 2051
2329 2330 2051
2330 2331 2050
2328 2051 2052
2330 2050 2051
2331 2332 2049
2333 2334 2048
2331 2049 2050
2332 2333 2049
2301 2302 2336
2342 2343 2307
2314 2313 2310
2313 2312 2311
2310 2313 2311
2310 2309 2314
2309 2308 2314
2314 2308 2315
2308 2307 2315
2307 2306 2342
2315 2307 2343
2306 2324 2341
2324 2305 2340
2341 2324 2340
2304 2303 2337
2303 2302 2336
2305 2304 2339
2343 2344 2315
2303 2336 2337
2337 2338 2304
2338 2339 2304
2339 2340 2305
2341 2342 2306
2363 2316 2335
2364 2316 2363
2364 2365 2317
2365 2318 2317
2335 2346 2316
2345 2316 2346
2315 2345 2316
2315 2344 2345
2089 2088 2091
2088 2093 2092
2092 2091 2088
2088 2094 2093
2072 2073 2078
2075 2076 2074
2076 2077 2074
2077 2078 2073
2074 2077 2073
2078 2090 2334
2090 2079 2334
2078 2334 2072
2079 2080 2081
2081 2334 2079
2085 2369 2086
2084 2370 2369
2084 2369 2085
2370 2083 2082
2082 2334 2370
2082 2081 2334
2334 2371 2370
2334 2372 2371
2048 2334 2372
2372 2045 2046
2046 2047 2372
2047 2048 2372
2095 2088 2369
2087 2086 2369
2369 2370 2097
2370 2098 2097
2088 2087 2369
2095 2094 2088
2369 2097 2096
2096 2095 2369
2042 2043 2120
2043 2044 2120
2120 2121 2042
2121 2122 2042
2122 2103 2042
2103 2100 2042
2100 2099 2042
2125 2126 2117
2127 2120 2119
2119 2118 2127
2118 2117 2126
2127 2118 2126
2117 2116 2125
2116 2115 2124
2124 2115 2123
2115 2114 2123
2124 2125 2116
2130 2129 2136
2129 2128 2136
2136 2135 2131
2135 2134 2132
2134 2133 2132
2132 2131 2135
2131 2130 2136
2372 2136 2127
2044 2045 2372
2372 2137 2136
2136 2128 2127
2127 2120 2044
2044 2372 2127
2371 2372 2137
2137 2138 2371
2138 2370 2371
2139 2370 2138
2141 2368 2140
2367 2140 2368
2139 2367 2366
2370 2366 2098
2370 2139 2366
2168 2377 2169
2428 2385 2378
2378 2168 2428
2428 2168 2429
2430 2429 2168
2168 2167 2430
2430 2167 2431
2167 2166 2431
2431 2166 2432
2165 2432 2166
2434 2165 2164
2435 2164 2163
2163 2436 2435
2436 2438 2437
2438 2436 2439
2440 2439 2436
2436 2162 2440
2162 2259 2440
2260 2440 2259
2441 2260 2442
2444 2443 2445
2443 2442 2445
2260 2445 2446
2260 2442 2445
2446 2447 2260
2266 2265 2447
2447 2265 2260
2265 2264 2260
2260 2261 2264
2264 2263 2261
2261 2262 2263
2275 2263 2262
2263 2272 2274
2274 2275 2280
2274 2263 2275
2385 2448 2386
2386 2449 2397
2397 2450 2396
2396 2451 2395
2395 2456 2394
2455 2454 2395
2453 2454 2395
2451 2452 2395
2452 2453 2395
2459 2406 2407
2393 2394 2457
2394 2456 2457
2457 2458 2393
2459 2460 2406
2458 2459 2407
2407 2393 2458
2467 2468 2460
2461 2462 2465
2462 2463 2464
2465 2462 2464
2465 2466 2461
2461 2466 2460
2466 2467 2460
2468 2469 2460
2405 2460 2469
2405 2406 2460
2404 2405 2469
2403 2404 2469
2403 2469 2427
2476 2477 2469
2469 2470 2475
2470 2471 2475
2471 2472 2474
2472 2473 2474
2474 2475 2471
2475 2476 2469
2469 2478 2479
2480 2425 2426
2426 2427 2479
2427 2469 2479
2469 2477 2478
2479 2480 2426
2110 2109 2171
2106 2105 2107
2105 2104 2107
2104 2376 2107
2376 2377 2171
2377 2169 2170
2171 2172 2111
2172 2173 2111
2377 2170 2171
2107 2376 2108
2108 2376 2171
2173 2113 2112
2173 2112 2111
2109 2108 2171
2171 2111 2110
2101 1840 2375
1840 1841 2373
1840 2373 2374
2101 2099 1840
2104 2102 2376
2102 2101 2375
2375 2376 2102
1840 2374 2375
2373 1842 1874
1842 1843 1847
1874 1873 2373
1873 1872 2373
1842 1847 1874
2373 1841 1842
1871 2379 2373
1872 1871 2373
1865 2380 1871
1871 1870 1869
1869 1868 1865
1868 1867 1865
1867 1866 1865
1865 2381 2380
1871 1869 1865
2380 2379 1871
1863 1862 1961
2384 2383 2381
2383 2382 2381
2381 1865 2384
1865 1864 2384
1961 2384 1863
1963 1962 1862
1962 1961 1862
1965 1964 1862
1964 1963 1862
1967 1966 1862
1966 1965 1862
1862 1861 1967
2384 1864 1863
1956 2638 2639
1953 2651 2649
1955 1954 2650
1954 1953 2649
2650 1954 2649
1953 2653 2652
1953 2652 2651
2638 1955 2650
2641 1958 2640
1959 1958 2641
1958 1957 2640
1959 2641 2642
1957 1956 2639
1957 2639 2640
2657 1953 1952
2658 1952 1951
1951 2659 2658
1950 2660 2659
1949 2661 2660
1948 2662 2661
2662 1947 2663
2663 1947 2664
1947 1946 2664
2664 1946 2665
1946 2666 2665
1945 2667 2666
1944 2668 2667
1944 1943 2668
2668 1943 2669
1943 1942 2669
2669 1942 2670
1942 2671 2670
2671 1942 2672
1942 2673 2672
2674 1941 1940
1940 1939 2674
2675 1939 1937
2676 1937 1936
1936 2677 2676
2677 1936 2678
1936 2678 2012
2012 2678 2679
2012 2679 2680
1830 1999 2683
1999 2682 2683
1999 2000 2682
2001 2682 2000
2001 2002 2682
2682 2004 2681
2682 2002 2003
2003 2004 2682
1831 2681 2004
2685 2008 1832
2684 2007 2685
2006 1831 2005
2012 2688 2011
2687 2011 2688
2686 2010 2687
2009 1832 2008
2680 2689 2012
2239 2244 2243
2240 2239 2242
2243 2242 2239
2242 2241 2240
2246 2258 2257
2249 2248 2256
2248 2247 2256
2249 2256 2255
2246 2245 2258
2245 2244 2250
2247 2246 2257
2254 2227 2255
2227 2249 2255
2245 2250 2258
2256 2247 2257
2144 2253 2252
2251 2141 2142
2142 2143 2251
2143 2144 2252
2251 2143 2252
2144 2145 2253
2145 2146 2227
2253 2145 2227
2227 2254 2253
2148 2147 2149
2147 2152 2151
2150 2147 2151
2150 2149 2147
2149 2174 2148
2147 2228 2152
2147 2146 2227
2227 2228 2147
2228 2229 2152
2161 2160 2690
2690 2159 2691
2159 2158 2691
2692 2691 2158
2692 2158 2175
2692 2177 2693
2693 2178 2177
2694 2179 2178
2695 2180 2179
2210 2696 2697
2180 2210 2181
2180 2696 2210
2208 2209 2204
2204 2205 2207
2205 2206 2207
2207 2208 2204
2209 2210 2204
2210 2204 2181
2210 2697 2698
2210 2698 2221
2221 2210 2211
2211 2212 2221
2212 2213 2220
2221 2212 2220
2213 2214 2219
2214 2215 2218
2215 2216 2217
2215 2217 2218
2214 2218 2219
2219 2220 2213
2199 2198 2184
2182 2181 2203
2181 2204 2203
2203 2202 2182
2201 2200 2183
2200 2199 2183
2202 2201 2182
2183 2182 2201
2198 2185 2184
2184 2183 2199
2157 2156 2152
2156 2155 2153
2155 2154 2153
2153 2152 2156
2152 2158 2157
2231 2230 2175
2175 2176 2231
2176 2197 2231
2197 2196 2232
2196 2195 2232
2232 2195 2233
2195 2194 2233
2194 2235 2234
2194 2234 2233
2152 2158 2229
2158 2175 2230
2229 2158 2230
2197 2232 2231
2190 2237 2236
2235 2194 2193
2235 2193 2192
2236 2235 2190
2235 2192 2191
2191 2190 2235
2750 2237 2190
2187 2188 2189
2189 2190 2186
2190 2185 2186
2186 2187 2189
2706 2704 2705
2704 2706 2707
2707 2708 2704
2708 2710 2709
2710 2712 2711
2703 2704 2708
2708 2703 2710
2712 2703 2702
2712 2710 2703
2716 2718 2717
2716 2715 2719
2719 2715 2720
2720 2715 2721
2715 2714 2721
2724 2722 2721
2724 2723 2722
2721 2725 2724
2721 2714 2725
2725 2714 2713
2725 2713 2712
2727 2725 2726
2728 2725 2727
2712 2728 2725
2730 2732 2731
2728 2732 2730
2728 2712 2732
2732 2712 2733
2733 2729 2734
2712 2702 2733
2733 2702 2729
2729 2702 2701
2700 2729 2701
2700 2749 2699
2700 2748 2749
2750 2238 2237
2750 2699 2238
2746 2748 2747
2744 2743 2742
2738 2740 2739
2736 2738 2737
2729 2735 2736
2738 2736 2729
2729 2700 2740
2740 2738 2729
2740 2742 2741
2745 2746 2740
2746 2748 2700
2700 2740 2746
2740 2742 2745
2742 2744 2745
2277 2281 2282
2273 2279 2276
2277 2278 2281
2273 2276 2277
2284 2271 2277
2271 2273 2277
2282 2283 2277
2283 2284 2277
2271 2269 2559
2268 2267 2269
2267 2266 2556
2556 2557 2267
2557 2558 2269
2269 2267 2557
2271 2270 2269
2558 2559 2269
2559 2560 2271
2271 2284 2560
2571 2570 2564
2570 2569 2568
2568 2567 2570
2567 2566 2570
2566 2565 2570
2565 2564 2570
2564 2563 2571
2563 2562 2572
2571 2563 2572
2562 2561 2572
2561 2560 2572
2560 2284 2572
2284 2574 2573
2284 2573 2572
2286 2285 2289
2285 2284 2290
2289 2288 2286
2288 2287 2286
2285 2290 2289
2291 2574 2578
2290 2284 2574
2574 2575 2577
2575 2576 2577
2291 2290 2574
2293 2292 2295
2292 2291 2295
2295 2294 2293
2297 2296 2578
2296 2295 2291
2579 2580 2297
2574 2577 2578
2578 2579 2297
2296 2291 2578
2741 2752 2751
2741 2742 2752
2763 2750 2764
2762 2750 2763
2750 2762 2761
2760 2750 2761
2750 2190 2760
2185 2190 2760
2759 2185 2760
2185 2759 2758
2757 2185 2758
2756 2185 2757
2755 2185 2756
2754 2185 2755
2185 2198 2754
2198 2226 2754
2225 2754 2226
2224 2754 2225
2223 2754 2224
2222 2754 2223
2750 2813 2749
2810 2808 2807
2749 2807 2808
2813 2812 2811
2813 2811 2810
2810 2807 2813
2749 2813 2807
2790 2811 2791
2790 2810 2811
2790 2789 2810
2787 2789 2788
2787 2810 2786
2789 2787 2810
2785 2810 2809
2785 2786 2810
2779 2785 2809
2784 2779 2780
2784 2781 2783
2782 2783 2781
2778 2776 2777
2779 2776 2778
2775 2809 2776
2809 2776 2779
2774 2775 2773
2773 2775 2772
2771 2772 2809
2809 2775 2772
2771 2769 2770
2771 2809 2769
2808 2809 2768
2769 2809 2768
2767 2766 2768
2768 2766 2808
2765 2749 2766
2808 2766 2749
2812 2764 2822
2822 2764 2823
2764 2812 2813
2823 2824 2825
2823 2764 2824
2792 2791 2811
2811 2812 2792
2812 2822 2792
2822 2823 2792
2804 2798 2799
2799 2800 2803
2800 2801 2802
2803 2800 2802
2803 2804 2799
2797 2796 2798
2796 2793 2794
2794 2795 2796
2796 2792 2793
2805 2806 2823
2806 2814 2823
2823 2792 2798
2792 2796 2798
2798 2804 2823
2804 2805 2823
2831 2830 2832
2832 2834 2833
2832 2830 2834
2835 2836 2834
2836 2830 2829
2838 2829 2828
2836 2838 2837
2840 2838 2839
2838 2840 2841
2842 2843 2844
2845 2847 2846
2844 2845 2842
2842 2845 2841
2828 2841 2827
2828 2838 2841
2827 2845 2826
2823 2825 2826
2826 2845 2823
2847 2845 2823
2823 2848 2847
2848 2823 2849
2815 2853 2814
2815 2816 2853
2856 2814 2853
2814 2856 2823
2854 2856 2850
2849 2856 2854
2849 2823 2856
2816 2817 2853
2853 2817 2856
2850 2856 2817
2851 2817 2852
2855 2817 2851
2817 2855 2850
2852 2817 2866
2863 2861 2860
2860 2864 2863
2865 2858 2864
2864 2859 2858
2858 2866 2857
2866 2818 2857
2817 2818 2866
2867 2819 2820
2820 2821 2867
1960 2642 1961
1960 1959 2642
2387 1961 2384
2655 2656 2399
2648 2398 2656
2398 2399 2656
2399 2400 2654
2654 2655 2399
2644 2643 2392
2642 2387 2388
2388 2389 2642
2389 2390 2642
2642 2390 2643
2390 2391 2643
2391 2392 2643
2645 2392 2398
2398 2648 2647
2647 2646 2398
2646 2645 2398
2392 2645 2644
2401 2947 2400
2402 2408 2949
2949 2948 2401
2948 2947 2401
2949 2401 2402
2946 2654 2400
2947 2946 2400
2953 2409 2954
2408 2409 2953
2409 2410 2954
2408 2951 2950
2410 2411 2955
2411 2412 2956
2955 2411 2956
2412 2413 2956
2949 2408 2950
2951 2408 2952
2410 2955 2954
2408 2953 2952
2969 2417 2970
2416 2960 2959
2956 2413 2957
2413 2414 2958
2957 2413 2958
2414 2415 2959
2415 2416 2959
2414 2959 2958
2416 2961 2960
2963 2680 2962
2689 2680 2962
2680 2961 2963
2963 2961 2964
2961 2965 2964
2961 2966 2965
2968 2417 2969
2966 2416 2417
2417 2967 2966
2417 2968 2967
2961 2416 2966
2973 2418 2972
2971 2418 2972
2971 2417 2418
2417 2971 2970
2419 2973 2418
2419 2420 2973
2480 2422 2423
2424 2425 2480
2480 2973 2421
2973 2420 2421
2423 2424 2480
2480 2421 2422
2485 2484 2481
2481 2480 2485
2480 2487 2486
2480 2486 2485
2483 2482 2484
2482 2481 2484
2495 2496 2487
2487 2488 2492
2488 2489 2491
2489 2490 2491
2491 2492 2488
2492 2493 2487
2493 2494 2487
2494 2495 2487
2502 2501 2505
2497 2496 2508
2507 2506 2500
2506 2505 2501
2500 2506 2501
2497 2508 2498
2508 2507 2499
2498 2508 2499
2500 2499 2507
2505 2504 2502
2504 2503 2502
2524 2525 2516
2517 2518 2522
2518 2519 2522
2519 2520 2521
2522 2523 2517
2523 2524 2516
2517 2523 2516
2519 2521 2522
2509 2526 2515
2511 2512 2513
2513 2514 2510
2514 2515 2526
2510 2514 2526
2515 2516 2508
2516 2496 2508
2511 2513 2510
2515 2508 2509
2528 2527 2531
2527 2525 2533
2525 2537 2536
2535 2525 2536
2535 2534 2525
2534 2533 2525
2533 2532 2527
2532 2531 2527
2531 2530 2528
2530 2529 2528
2541 2543 2544
2546 2547 2537
2547 2548 2537
2537 2538 2546
2539 2540 2544
2540 2541 2544
2538 2539 2545
2546 2538 2545
2544 2545 2539
2541 2542 2543
2973 2480 2487
2487 2496 2973
2977 2516 2978
2516 2977 2496
2976 2496 2977
2975 2496 2976
2974 2496 2975
2496 2974 2973
2984 2548 2983
2548 2982 2983
2981 2548 2537
2981 2982 2548
2978 2516 2979
2979 2525 2980
2979 2516 2525
2980 2537 2525
2980 2981 2537
2589 2590 2593
2590 2591 2592
2592 2593 2590
2593 2594 2589
2594 2595 2589
2595 2596 2589
2596 2597 2589
2550 2588 2549
2589 2597 2984
2984 2548 2589
2548 2549 2589
2550 2551 2588
2551 2552 2587
2552 2553 2587
2553 2554 2587
2554 2555 2587
2587 2588 2551
2588 2589 2549
2636 2604 2583
2585 2586 2635
2586 2603 2634
2603 2602 2633
2602 2601 2632
2633 2602 2632
2601 2631 2632
2586 2634 2635
2634 2603 2633
2583 2584 2636
2584 2585 2636
2604 2582 2583
2635 2636 2585
2627 2626 2625
2625 2624 2627
2624 2628 2627
2629 2637 2631
2631 2628 2629
2629 2630 2637
2599 2598 2628
2601 2600 2631
2600 2599 2628
2598 2597 2628
2600 2628 2631
2628 2624 2597
3006 3004 3005
3006 3002 3003
3006 3001 3002
3007 3000 3001
3008 2999 3000
3009 2998 2999
3009 2997 2998
3011 2997 3009
3011 2996 2997
3010 2996 3011
3012 2995 3010
3013 2994 3012
3019 3018 3017
3020 3017 3016
3015 3020 3016
3015 3022 3021
3023 3014 3013
3013 3023 2987
2943 2987 3023
2986 2597 2987
2597 2986 2984
2597 2624 2987
2987 2943 2624
2623 2622 2620
2620 2619 2624
2619 2943 2624
2624 2623 2620
2622 2621 2620
2619 2618 2616
2616 2615 2619
2615 2614 2619
2613 2612 2945
2612 2939 2945
2614 2613 2619
2613 2945 2944
2619 2613 2944
2618 2617 2616
2944 2943 2619
2904 2903 3029
3031 3032 3030
3033 3032 3034
3030 3032 3034
2890 2891 3033
3032 2882 2890
2891 2894 3033
3032 2890 3033
2901 3034 3033
3033 2894 2900
2894 2895 2897
2900 2894 2897
2900 2901 3033
2904 3030 3034
3034 2901 2905
2905 2904 3034
3030 3027 3028
3030 3026 3027
3035 3030 3028
2904 3035 3030
2904 3029 3035
3030 3025 3026
3030 3024 3025
3031 3030 3024
2875 3031 3024
2875 2874 3031
2873 2874 2879
2874 2879 3031
2879 2880 3031
2880 2881 3031
2882 3032 2881
3031 2881 3032
2872 2879 2873
2871 2872 2877
2877 2878 2872
2871 2876 2870
2869 2870 2913
2876 2913 2870
2868 2915 3036
2913 3036 2915
2868 2921 2916
2297 2298 2923
2299 2300 2920
2300 2921 2920
2920 2922 2299
2922 2923 2298
2299 2922 2298
2923 2297 2924
2912 2911 2931
2888 2876 2884
2876 2913 2883
2914 2917 2893
2917 2918 2896
2893 2917 2896
2876 2883 2884
2913 2914 2892
2883 2913 2889
2886 2887 2885
2887 2888 2885
2884 2885 2888
2892 2889 2913
2911 2896 2919
2911 2919 2932
2893 2892 2914
2918 2919 2896
2932 2931 2911
2930 2929 2912
2929 2928 2910
2912 2929 2910
2931 2930 2912
2928 2927 2910
2297 2925 2926
2581 2580 2927
2580 2297 2926
2297 2924 2925
2926 2927 2580
2927 2582 2581
2606 2610 2609
2606 2605 2610
2605 2611 2610
2608 2607 2609
2607 2606 2609
2604 2582 2605
2927 2939 2605
2939 2612 2611
2611 2605 2939
2605 2582 2927
2927 3037 2939
2940 3037 2939
2937 2908 2909
2909 2910 2938
2910 3037 2933
2938 2910 2933
2938 2937 2909
2935 2934 2942
2934 2933 2941
2933 2940 2941
2941 2942 2934
2942 2936 2935
3040 2902 2899
3040 2903 2902
3040 2898 3039
2898 2906 3039
2906 3038 3039
2907 2937 3038
3042 3043 3044
3045 3042 3044
3041 3042 3045
3046 3041 3045
3046 2936 3041
3047 2936 2942
2936 3046 3047
3058 3060 3059
3061 3058 3057
3063 3048 3062
3057 3062 3061
3048 3063 3049
3050 3049 3063
3050 3051 3063
3055 3056 3071
3070 3055 3071
3069 3054 3070
3054 3069 3053
3053 3069 3068
3067 3053 3068
3066 3052 3067
3051 3066 3065
3051 3065 3064
3063 3051 3064
2986 2987 2993
2986 2993 2992
2991 2986 2992
2990 2986 2991
2986 2990 2984
3108 3137 3107
3136 3135 3137
3134 3133 3135
3131 3130 3129
3125 3126 3127
3128 3125 3127
3132 3129 3128
3121 3123 3122
3119 3120 3121
2984 2990 3117
3117 2990 3118
2990 3119 3118
2990 3121 2989
3121 3122 2989
2989 3133 3132
3128 3132 3124
3124 3132 3123
3122 3123 2989
2989 3132 3123
3135 3133 3137
3133 3107 3137
3082 3106 3081
3107 3081 3106
2988 3081 3107
2985 3073 3072
3074 3075 3073
3077 3075 3076
3078 3079 3077
3079 3081 3080
2753 3081 2988
3081 3079 2753
3077 3079 2753
3075 3077 2753
3073 3075 2753
3073 2985 2753
3082 3104 3105
3103 3102 3101
3104 3103 3101
3104 3101 3100
3097 3098 3096
3099 3096 3098
3100 3096 3099
3104 3083 3100
3100 3083 3096
3095 3096 3094
3092 3094 3093
3090 3092 3091
3088 3090 3089
3088 3087 3086
3086 3084 3085
3084 3088 3139
3139 3090 3140
3140 3092 3090
3092 3083 3094
3083 3094 3096
3109 3157 3108
3108 3157 3138
3109 3156 3110
3157 3109 3156
3110 3156 3111
3155 3156 3154
3154 3111 3153
3111 3156 3154
3112 3153 3111
3141 3115 3116
3142 3115 3141
3143 3114 3142
3144 3145 3143
3145 3113 3143
3112 3145 3152
3148 3147 3146
3149 3150 3148
3151 3152 3150
3145 3148 3146
3148 3150 3145
3145 3150 3152
3162 3161 3160
3163 3164 3162
3167 3166 3165
3169 3159 3168
3159 3162 3160
3164 3159 3165
3162 3164 3159
3165 3159 3167
3159 3167 3168
3170 3159 3157
3157 3170 3138
3159 3169 3170
3185 3183 3184
3187 3193 3186
3194 3178 3193
3178 3194 2981
2981 3176 2982
2981 3176 3178
3178 3176 3177
3174 3172 3173
3176 3174 3175
2982 3176 3174
2983 2982 3172
3174 2982 3172
3172 3158 3171
3158 2984 3117
2983 3172 3158
2984 2983 3158
3179 3178 3180
3182 3180 3181
3186 3182 3183
3183 3185 3186
3193 3178 3180
3180 3182 3193
3193 3182 3186
3187 3192 3193
3187 3191 3192
3188 3190 3191
3195 3190 3189
3214 3210 3211
3214 3215 3210
3215 3209 3210
3212 3213 3211
3213 3214 3211
3205 3206 3208
3206 3207 3208
3208 3209 3205
3209 3204 3205
3201 3203 3202
3201 3204 3203
3216 3217 3215
3215 3217 3209
3209 3217 3204
3204 3217 3218
3204 3201 3218
3201 3200 3218
3219 3200 3199
3219 3218 3200
3199 3249 3219
3199 3249 3220
3221 3220 3249
3249 3248 3221
3222 3248 3247
3222 3221 3248
3223 3247 3246
3223 3246 3224
3235 3260 3261
3259 3230 3260
3230 3235 3260
3230 3231 3235
3232 3233 3234
3235 3231 3234
3231 3232 3234
3230 3252 3251
3230 3259 3252
3229 3251 3250
3229 3230 3251
3250 3226 3225
3226 3227 3228
3228 3229 3250
3250 3226 3228
3256 3258 3257
3255 3258 3256
3255 3254 3258
3254 3259 3258
3253 3259 3254
3253 3252 3259
3264 3289 3288
3288 3287 3264
3287 3265 3264
3265 3287 3286
3266 3286 3285
3266 3284 3267
3283 3267 3284
3268 3283 3282
3283 3268 3267
3268 3281 3269
3280 3278 3279
3281 3278 3280
3281 3277 3269
3270 3277 3276
3276 3271 3270
3270 3269 3277
3274 3273 3272
3272 3271 3275
3271 3276 3275
3275 3274 3272
3301 3300 3303
3299 3298 3305
3298 3307 3306
3305 3298 3306
3305 3304 3299
3304 3303 3300
3299 3304 3300
3303 3302 3301
3297 3296 3308
3296 3309 3308
3308 3307 3297
3307 3298 3297
3311 3310 3292
3310 3309 3293
3309 3296 3295
3294 3309 3295
3294 3293 3309
3293 3292 3310
3292 3291 3311
3317 3312 3313
3313 3314 3317
3314 3315 3318
3317 3314 3318
3315 3320 3319
3332 3333 3325
3333 3326 3325
3325 3324 3332
3330 3331 3323
3331 3332 3324
3323 3331 3324
3318 3315 3319
3315 3316 3320
3316 3330 3323
3316 3323 3322
3322 3321 3316
3321 3320 3316
3290 3237 3329
3239 3240 3326
3326 3327 3239
3327 3328 3239
3328 3329 3238
3239 3328 3238
3264 3237 3289
3237 3238 3329
3289 3237 3290
3235 3236 3261
3236 3262 3261
3236 3237 3262
3237 3263 3262
3264 3263 3237
3197 3342 3196
3198 3245 3197
3342 3197 3245
3342 3244 3245
3340 3244 3341
3339 3243 3340
3339 3241 3242
3338 3240 3241
3326 3337 3336
3335 3326 3336
3326 3334 3335
1769 1770 1772
1780 1779 1777
1781 1780 1776
1785 1786 1782
1775 1782 1786
1774 1786 1787
1812 1799 1773
1813 1800 1799
1814 1801 1800
1815 1802 1801
1802 1815 1819
1815 1816 1819
1808 1816 1817
1809 1817 1818
1820 1911 1912
1821 1912 1913
1822 1913 1914
1823 1914 1915
1824 1915 1916
1825 1977 1997
1918 1917 1977
1981 1982 1983
1984 1922 1923
1986 1924 1923
1987 1925 1924
1826 1997 1996
1827 1996 1995
1828 1829 1993
1992 1993 1829
1930 1998 2024
1931 2024 2023
1932 2023 2022
1934 1933 2021
1935 1934 2020
1935 2018 2017
2015 2014 1936
1910 1911 1818
1883 1882 1909
1816 1878 1879
1815 1876 1877
1976 1975 1891
1892 1969 1968
1893 1968 1967
1860 1894 1967
1860 1859 1895
1896 1895 1859
1897 1896 1858
1814 1813 1849
1848 1849 1813
2352 2351 1795
2350 1794 1795
1794 1793 2349
2349 1793 1792
2348 1792 1791
2319 2318 2362
2361 2360 2320
2321 2320 2360
2322 2321 2359
2358 2322 2323
2065 2064 2026
2027 2026 2064
2027 2063 2062
2028 2353 2347
1834 1835 2030
1835 1836 2031
2364 2317 2316
2365 2362 2318
2370 2084 2083
2141 2251 2368
2367 2139 2140
2168 2378 2377
2165 2433 2432
2434 2433 2165
2435 2434 2164
2163 2162 2436
2260 2441 2440
2385 2428 2448
2386 2448 2449
2397 2449 2450
2396 2450 2451
2395 2455 2456
1956 1955 2638
2657 2653 1953
2658 2657 1952
1951 1950 2659
1950 1949 2660
1949 1948 2661
1948 1947 2662
1946 1945 2666
1945 1944 2667
1942 1941 2673
2674 2673 1941
2675 2674 1939
2676 2675 1937
2685 2007 2008
2684 2006 2007
2006 2684 1831
2012 2689 2688
2687 2010 2011
2686 2009 2010
2009 2686 1832
2239 2250 2244
2690 2160 2159
2692 2175 2177
2693 2694 2178
2694 2695 2179
2695 2696 2180
2716 2719 2718
2750 2749 2699
2750 2764 2813
2810 2809 2808
2779 2784 2785
2784 2780 2781
2836 2834 2830
2838 2836 2829
2827 2841 2845
2863 2862 2861
2860 2859 2864
2858 2865 2866
2387 2642 1961
3006 3003 3004
3006 3007 3001
3007 3008 3000
3008 3009 2999
3010 2995 2996
3012 2994 2995
3013 2987 2994
3020 3019 3017
3015 3021 3020
3015 3014 3022
3023 3022 3014
2872 2878 2879
2871 2877 2876
2868 2916 2915
2913 2869 3036
2868 2300 2921
2927 2910 3037
2940 2933 3037
3040 2899 2898
2906 2907 3038
2907 2908 2937
3061 3060 3058
3057 3048 3062
3070 3054 3055
3067 3052 3053
3066 3051 3052
3108 3138 3137
3128 3124 3125
3132 3131 3129
2990 3119 3121
2989 2988 3133
3133 2988 3107
3082 3105 3106
3082 3083 3104
3084 3086 3088
3139 3088 3090
3140 3083 3092
3112 3152 3153
3142 3114 3115
3143 3113 3114
3145 3112 3113
3187 3188 3191
3188 3189 3190
3223 3222 3247
3266 3265 3286
3266 3285 3284
3268 3282 3281
3281 3277 3278
3342 3341 3244
3340 3243 3244
3339 3242 3243
3339 3338 3241
3338 3337 3240
3326 3240 3337
3326 3333 3334
3354 3351 3353
3353 3352 3351
3349 3351 3350
3351 3354 3349
3355 3349 3354
3347 3355 3346
3355 3347 3348
3349 3355 3348
3345 3361 3344
3344 3361 3343
3360 3361 3343
3360 3343 3359
3361 3345 3362
3362 3345 3363
3345 3363 3358
3358 3363 3357
3357 3363 3356
3428 3403 3404
3405 3428 3404
3426 3405 3406
3425 3406 3407
3424 3407 3408
3408 3423 3424
3409 3422 3423
3421 3410 3411
3411 3420 3421
3413 3420 3412
3415 3414 3413
3415 3420 3416
3420 3413 3415
3420 3417 3416
3418 3417 3419
3444 3429 3430
3431 3432 3443
3442 3443 3432
3443 3444 3430
3431 3443 3430
3433 3434 3441
3435 3436 3439
3436 3437 3438
3438 3439 3436
3439 3440 3435
3440 3441 3434
3435 3440 3434
3441 3442 3433
3442 3432 3433
3446 3445 3447
3402 3400 3455
3455 3401 3402
3445 3454 3447
3454 3448 3447
3449 3453 3452
3449 3452 3450
3450 3452 3451
3472 3465 3471
3466 3456 3457
3458 3459 3460
3457 3460 3466
3466 3460 3461
3462 3461 3463
3463 3467 3464
3467 3461 3468
3461 3468 3466
3469 3470 3473
3476 3477 3478
3479 3476 3478
3474 3479 3480
3480 3469 3473
3482 3483 3484
3481 3484 3485
3480 3485 3486
3480 3473 3495
3494 3480 3495
3494 3487 3486
3492 3487 3493
3492 3489 3488
3490 3489 3491
3522 3521 3364
3521 3376 3520
3520 3375 3519
3513 3514 3515
3516 3513 3515
3517 3512 3516
3518 3512 3517
3511 3519 3375
3511 3374 3510
3510 3373 3509
3509 3372 3508
3372 3371 3508
3371 3370 3508
3370 3369 3508
3368 3507 3369
3369 3507 3508
3507 3367 3506
3506 3366 3505
3366 3365 3505
3532 3383 3533
3531 3382 3532
3530 3381 3531
3529 3380 3530
3528 3379 3529
3527 3378 3528
3377 3526 3504
3504 3525 3523
3524 3523 3525
3365 3523 3505
3377 3504 3503
3399 3503 3502
3399 3377 3503
3399 3502 3398
3501 3398 3502
3397 3501 3396
3500 3396 3501
3395 3500 3394
3394 3499 3393
3500 3499 3394
3392 3499 3498
3498 3391 3497
3391 3390 3497
3496 3385 3384
3496 3386 3385
3386 3497 3387
3387 3497 3388
3390 3389 3497
3388 3497 3389
3534 3535 3555
3554 3535 3536
3553 3536 3537
3537 3552 3553
3552 3539 3551
3539 3550 3551
3540 3549 3550
3541 3548 3549
3542 3547 3548
3543 3546 3547
3545 3546 3544
3558 3557 3563
3559 3563 3557
3557 3556 3559
3559 3556 3560
3560 3556 3561
3575 3574 3556
3556 3574 3561
3561 3562 3574
3562 3573 3574
3573 3562 3572
3564 3572 3562
3570 3564 3565
3570 3565 3566
3567 3566 3568
3566 3569 3568
3566 3569 3570
3578 3579 3580
3580 3581 3578
3581 3576 3577
3578 3581 3577
3583 3589 3587
3584 3583 3587
3583 3582 3590
3589 3583 3590
3589 3588 3587
3587 3586 3584
3586 3585 3584
3610 3595 3596
3609 3596 3597
3608 3597 3598
3607 3598 3599
3606 3599 3600
3606 3601 3605
3605 3602 3604
3602 3603 3604
3595 3592 3591
3593 3592 3594
3595 3594 3592
3595 3610 3591
3405 3427 3428
3426 3427 3405
3425 3426 3406
3424 3425 3407
3408 3409 3423
3409 3410 3422
3421 3422 3410
3411 3412 3420
3420 3419 3417
3455 3454 3401
3445 3401 3454
3454 3453 3448
3449 3448 3453
3467 3468 3471
3468 3472 3471
3457 3458 3460
3467 3463 3461
3479 3475 3476
3474 3475 3479
3480 3474 3469
3481 3482 3484
3480 3481 3485
3494 3486 3480
3494 3493 3487
3492 3488 3487
3492 3491 3489
3521 3364 3376
3520 3376 3375
3516 3512 3513
3518 3511 3512
3511 3518 3519
3511 3375 3374
3510 3374 3373
3509 3373 3372
3507 3368 3367
3506 3367 3366
3532 3382 3383
3531 3381 3382
3530 3380 3381
3529 3379 3380
3528 3378 3379
3527 3377 3378
3377 3527 3526
3504 3526 3525
3365 3524 3523
3501 3397 3398
3500 3395 3396
3392 3393 3499
3498 3392 3391
3496 3497 3386
3554 3555 3535
3553 3554 3536
3537 3538 3552
3552 3538 3539
3539 3540 3550
3540 3541 3549
3541 3542 3548
3542 3543 3547
3543 3544 3546
3564 3571 3572
3570 3571 3564
3609 3610 3596
3608 3609 3597
3607 3608 3598
3606 3607 3599
3606 3600 3601
3605 3601 3602
3617 3611 3618
3615 3618 3616
3616 3613 3615
3612 3613 3614
3615 3617 3618
3616 3614 3613
3620 3619 3632
3631 3620 3632
3630 3621 3631
3629 3622 3630
3623 3628 3624
3624 3628 3627
3627 3626 3625
3625 3624 3627
3661 3633 3634
3660 3634 3635
3639 3636 3638
3637 3638 3636
3635 3639 3660
3659 3639 3640
3640 3658 3659
3657 3641 3656
3641 3655 3656
3642 3654 3655
3643 3653 3654
3644 3652 3653
3652 3650 3651
3650 3645 3646
3646 3649 3650
3648 3649 3647
3694 3662 3663
3693 3663 3664
3692 3664 3665
3692 3665 3691
3691 3665 3690
3690 3665 3666
3690 3666 3689
3666 3688 3689
3667 3687 3688
3670 3687 3669
3687 3668 3669
3686 3671 3685
3685 3672 3684
3684 3673 3683
3673 3682 3683
3674 3681 3682
3675 3680 3681
3676 3679 3680
3679 3677 3678
3767 3766 3786
3768 3786 3785
3769 3785 3784
3770 3784 3783
3782 3770 3783
3771 3772 3773
3773 3774 3771
3771 3782 3774
3781 3774 3782
3781 3775 3774
3780 3776 3775
3776 3778 3777
3708 3706 3707
3699 3701 3700
3695 3765 3696
3697 3765 3764
3697 3764 3698
3698 3701 3699
3702 3764 3763
3762 3787 3763
3763 3787 3702
3702 3787 3703
3787 3704 3703
3704 3788 3705
3709 3705 3788
3706 3708 3709
3789 3709 3788
3740 3789 3741
3740 3711 3739
3789 3711 3710
3712 3739 3711
3739 3712 3738
3713 3738 3712
3714 3737 3713
3715 3736 3714
3716 3715 3717
3717 3715 3718
3735 3718 3734
3735 3715 3718
3734 3719 3733
3733 3720 3732
3721 3732 3720
3731 3722 3730
3723 3730 3722
3723 3728 3729
3728 3724 3727
3727 3725 3726
3726 3728 3727
3790 3819 3791
3794 3793 3792
3795 3791 3819
3794 3792 3795
3818 3795 3819
3796 3817 3797
3797 3816 3798
3814 3816 3815
3816 3814 3798
3798 3813 3799
3799 3812 3800
3800 3811 3801
3801 3810 3802
3802 3809 3803
3803 3808 3804
3804 3807 3805
3807 3806 3805
3827 3828 3826
3825 3828 3829
3824 3829 3830
3823 3824 3822
3824 3830 3821
3824 3821 3822
3830 3820 3821
3855 3831 3832
3838 3837 3836
3835 3838 3836
3834 3839 3835
3833 3840 3834
3832 3841 3833
3832 3843 3842
3855 3832 3854
3854 3832 3853
3847 3846 3848
3845 3848 3846
3844 3849 3845
3843 3850 3844
3843 3852 3851
3853 3832 3852
3843 3832 3852
3877 3856 3857
3876 3857 3858
3875 3858 3859
3859 3874 3875
3860 3873 3874
3861 3872 3873
3862 3871 3872
3871 3863 3870
3863 3869 3870
3864 3868 3869
3865 3867 3868
3865 3866 3867
3879 3878 3930
3880 3930 3929
3928 3880 3929
3881 3887 3882
3881 3888 3887
3888 3928 3927
3926 3888 3927
3889 3925 3890
3890 3924 3891
3923 3891 3922
3891 3924 3923
3891 3921 3922
3931 3920 3921
3919 3892 3893
3918 3893 3894
3915 3916 3914
3913 3916 3917
3912 3917 3918
3918 3894 3912
3911 3894 3895
3895 3910 3911
3896 3909 3910
3897 3908 3909
3907 3898 3899
3906 3899 3900
3900 3905 3906
3905 3901 3904
3904 3901 3903
3903 3901 3902
3945 3932 3933
3944 3933 3934
3934 3943 3944
3935 3942 3943
3936 3941 3942
3941 3938 3940
3938 3939 3940
3947 3946 3948
3950 3948 3949
3969 3949 3951
3968 3951 3952
3967 3952 3953
3966 3953 3954
3965 3954 3955
3956 3965 3955
3964 3957 3963
3958 3963 3957
3962 3959 3961
3961 3959 3960
3973 3974 3975
3976 3973 3975
3971 3976 3977
3971 3978 3970
3984 3983 3982
3981 3984 3982
3979 3970 3978
3961 3979 3980
3985 3981 3980
3986 3985 3980
3980 3986 3961
3960 3986 3961
3960 4020 4046
3986 3960 4020
3987 4020 4019
3987 4018 3988
4017 3988 4018
4017 3990 3989
3991 4016 4015
3991 4014 3992
3993 3994 3995
3996 3993 3995
3992 3993 3996
3997 3992 3996
4047 4014 3997
3992 4014 3997
4047 4013 4014
4012 4047 3998
3999 4012 3998
4003 3999 4000
3999 4003 4011
4011 4003 4004
4011 4004 4010
4003 4000 4002
4000 4001 4002
4004 4009 4010
4005 4008 4009
4007 4008 4006
4021 4046 4020
4023 4021 4022
4021 4023 4046
4024 4046 4023
4025 4045 4024
4043 4025 4026
4042 4026 4027
4041 4027 4028
4040 4028 4029
4029 4039 4040
4038 4030 4031
4038 4032 4036
4036 4033 4035
4035 4033 4037
4034 4035 4037
4049 4048 4050
4070 4050 4051
4069 4051 4052
4068 4052 4053
4067 4053 4054
4066 4054 4055
4066 4056 4065
4061 4065 4064
4064 4063 4062
4064 4062 4061
4061 4056 4060
4061 4065 4056
4056 4057 4060
4057 4059 4060
4059 4057 4058
4104 4071 4072
4103 4072 4073
4102 4073 4074
4101 4074 4075
4100 4075 4076
4078 4077 4076
4078 4076 4079
4085 4080 4086
4081 4080 4085
4084 4085 4082
4082 4083 4084
4081 4085 4082
4086 4079 4087
4079 4076 4087
4087 4076 4088
4088 4076 4089
4076 4089 4100
4089 4099 4100
4090 4099 4097
4099 4089 4090
4090 4096 4091
4096 4092 4091
4095 4093 4092
4098 4094 4093
3886 3882 3887
3886 3883 3882
3884 3883 3885
3755 3756 3757
3754 3757 3758
3759 3754 3758
3760 3753 3759
3761 3752 3760
3751 3749 3750
3749 3761 3748
3761 3749 3751
3748 3762 3747
3747 3787 3746
3745 3787 3788
3745 3788 3744
3744 3788 3743
3788 3743 3789
3741 3743 3742
3741 3789 3743
3792 3793 3791
3791 3793 3790
3813 3814 3812
3698 3699 3697
3697 3699 3696
3887 3888 3886
3653 3652 3651
3996 3995 4047
4047 3997 3996
4105 4107 4106
4120 4182 4179
4120 4119 4182
4121 4120 4179
4121 4179 4122
4122 4179 4123
4181 4180 4182
4182 4180 4179
4183 4181 4182
4186 4184 4183
4180 4129 4179
4123 4179 4129
4123 4129 4128
4124 4126 4125
4123 4126 4124
4123 4127 4126
4123 4128 4127
4131 4132 4130
4130 4180 4132
4132 4134 4133
4134 4132 4135
4132 4180 4135
4180 4136 4135
4180 4181 4136
4137 4139 4138
4181 4137 4136
4137 4140 4139
4181 4140 4137
4181 4141 4140
4184 4142 4141
4184 4143 4142
4184 4185 4143
4119 4108 4182
4111 4112 4110
4109 4110 4108
4182 4108 4183
4108 4110 4183
4110 4112 4183
4183 4112 4186
4113 4114 4112
4112 4114 4187
4112 4187 4186
4188 4186 4187
4115 4116 4188
4188 4116 4186
4118 4117 4178
4117 4178 4116
4178 4177 4116
4116 4177 4186
4186 4177 4176
4186 4176 4175
4186 4175 4185
4174 4185 4175
4185 4174 4173
4185 4173 4172
4185 4163 4143
4143 4163 4144
4161 4163 4162
4163 4161 4144
4144 4161 4145
4145 4161 4160
4158 4160 4159
4160 4158 4145
4145 4158 4146
4148 4150 4149
4151 4148 4147
4152 4147 4146
4146 4153 4152
4146 4154 4153
4154 4156 4155
4156 4158 4157
4156 4154 4158
4158 4154 4146
4166 4167 4168
4169 4166 4168
4170 4165 4169
4170 4164 4165
4170 4171 4164
4171 4163 4164
4171 4172 4163
4172 4163 4185
4189 4205 4206
4204 4205 4189
4196 4190 4189
4204 4189 4203
4198 4189 4199
4197 4189 4198
4189 4197 4196
4189 4200 4199
4189 4201 4200
4201 4189 4202
4203 4189 4202
4195 4190 4196
4194 4190 4195
4193 4190 4194
4193 4192 4191
4190 4193 4191
4218 4219 4220
4216 4221 4217
4220 4217 4218
4215 4222 4216
4214 4223 4215
4224 4213 4225
4225 4212 4226
4207 4226 4212
4207 4228 4227
4228 4208 4207
4228 4209 4208
4228 4210 4209
4228 4211 4210
3631 3621 3620
3630 3622 3621
3629 3623 3622
3623 3629 3628
3660 3661 3634
3635 3636 3639
3659 3660 3639
3640 3657 3658
3657 3640 3641
3641 3642 3655
3642 3643 3654
3643 3644 3653
3644 3645 3652
3650 3652 3645
3646 3647 3649
3693 3694 3663
3692 3693 3664
3666 3667 3688
3667 3668 3687
3670 3686 3687
3686 3670 3671
3685 3671 3672
3684 3672 3673
3673 3674 3682
3674 3675 3681
3675 3676 3680
3676 3677 3679
3768 3767 3786
3769 3768 3785
3770 3769 3784
3782 3771 3770
3781 3780 3775
3780 3779 3776
3776 3779 3778
3697 3696 3765
3698 3764 3701
3702 3701 3764
3787 3788 3704
3709 3706 3705
3789 3710 3709
3789 3740 3711
3713 3737 3738
3714 3736 3737
3715 3735 3736
3734 3718 3719
3733 3719 3720
3721 3731 3732
3731 3721 3722
3723 3729 3730
3723 3724 3728
3795 3792 3791
3818 3796 3795
3796 3818 3817
3797 3817 3816
3798 3814 3813
3799 3813 3812
3800 3812 3811
3801 3811 3810
3802 3810 3809
3803 3809 3808
3804 3808 3807
3825 3826 3828
3824 3825 3829
3830 3831 3820
3855 3820 3831
3835 3839 3838
3834 3840 3839
3833 3841 3840
3832 3842 3841
3845 3849 3848
3844 3850 3849
3843 3851 3850
3876 3877 3857
3875 3876 3858
3859 3860 3874
3860 3861 3873
3861 3862 3872
3862 3863 3871
3863 3864 3869
3864 3865 3868
3880 3879 3930
3928 3881 3880
3888 3881 3928
3926 3889 3888
3889 3926 3925
3890 3925 3924
3891 3931 3921
3931 3892 3920
3919 3920 3892
3918 3919 3893
3913 3914 3916
3912 3913 3917
3911 3912 3894
3895 3896 3910
3896 3897 3909
3897 3898 3908
3907 3908 3898
3906 3907 3899
3900 3901 3905
3944 3945 3933
3934 3935 3943
3935 3936 3942
3936 3937 3941
3941 3937 3938
3950 3947 3948
3969 3950 3949
3968 3969 3951
3967 3968 3952
3966 3967 3953
3965 3966 3954
3956 3964 3965
3964 3956 3957
3958 3962 3963
3962 3958 3959
3976 3972 3973
3971 3972 3976
3971 3977 3978
3981 3985 3984
3979 3961 3970
3987 3986 4020
3987 4019 4018
4017 3989 3988
4017 4016 3990
3991 3990 4016
3991 4015 4014
4012 4013 4047
3999 4011 4012
4004 4005 4009
4005 4006 4008
4024 4045 4046
4025 4044 4045
4043 4044 4025
4042 4043 4026
4041 4042 4027
4040 4041 4028
4029 4030 4039
4038 4039 4030
4038 4031 4032
4036 4032 4033
4070 4049 4050
4069 4070 4051
4068 4069 4052
4067 4068 4053
4066 4067 4054
4066 4055 4056
4103 4104 4072
4102 4103 4073
4101 4102 4074
4100 4101 4075
4086 4080 4079
4090 4097 4096
4096 4095 4092
4095 4098 4093
3886 3885 3883
3754 3755 3757
3759 3753 3754
3760 3752 3753
3761 3751 3752
3748 3761 3762
3747 3762 3787
3745 3746 3787
4183 4184 4181
4186 4185 4184
4180 4130 4129
4181 4184 4141
4151 4150 4148
4152 4151 4147
4169 4165 4166
4216 4222 4221
4220 4221 4217
4215 4223 4222
4214 4224 4223
4224 4214 4213
4225 4213 4212
4207 4227 4226
4254 4256 4255
4236 4256 4257
4236 4254 4253
4257 4235 4236
4257 4234 4235
4233 4234 4230
4230 4233 4229
4232 4231 4258
4232 4229 4233
4246 4245 4244
4247 4244 4243
4242 4248 4249
4247 4242 4248
4250 4242 4249
4240 4241 4239
4239 4250 4251
4251 4238 4239
4238 4252 4237
4253 4237 4236
4268 4266 4267
4278 4268 4279
4268 4269 4279
4280 4278 4279
4280 4277 4278
4280 4276 4277
4280 4275 4276
4280 4281 4275
4275 4281 4274
4274 4281 4273
4273 4281 4272
4282 4272 4281
4271 4270 4282
4283 4270 4284
4292 4294 4293
4292 4302 4265
4292 4302 4295
4264 4265 4302
4264 4295 4302
4296 4263 4297
4262 4298 4261
4263 4297 4262
4260 4303 4259
4260 4261 4303
4261 4304 4303
4304 4261 4305
4298 4305 4261
4298 4306 4305
4299 4307 4306
4301 4307 4300
4288 4301 4289
4287 4289 4290
4290 4286 4287
4285 4287 4286
4236 4256 4254
4257 4230 4234
4232 4258 4229
4247 4246 4244
4247 4243 4242
4250 4241 4242
4239 4241 4250
4251 4252 4238
4253 4252 4237
4268 4278 4266
4282 4271 4272
4283 4282 4270
4292 4295 4294
4264 4296 4295
4296 4264 4263
4262 4297 4298
4298 4299 4306
4299 4300 4307
4287 4288 4289
4290 4291 4286
4313 4311 4321
4313 4320 4315
4315 4322 4313
4314 4313 4323
4309 4313 4314
4308 4309 4314
4315 4319 4316
4316 4318 4317
4324 4325 4344
4325 4327 4328
4325 4326 4327
4344 4328 4329
4344 4325 4328
4329 4345 4344
4330 4346 4345
4347 4331 4332
4347 4333 4348
4335 4336 4337
4334 4337 4338
4339 4334 4338
4340 4333 4339
4333 4340 4348
4341 4340 4342
4348 4340 4349
4349 4340 4350
4342 4340 4343
4340 4351 4343
4343 4351 4312
4350 4340 4351
4358 4357 4356
4367 4366 4365
4364 4367 4365
4363 4368 4364
4362 4369 4363
4359 4356 4355
4360 4355 4354
4360 4373 4361
4375 4373 4374
4379 4377 4378
4354 4373 4360
4354 4374 4373
4374 4354 4353
4352 4374 4350
4374 4353 4352
4350 4351 4374
4374 4351 4375
4351 4375 4312
4378 4376 4375
4375 4378 4312
4361 4373 4362
4362 4373 4370
4370 4376 4371
4370 4373 4376
4371 4378 4372
4371 4376 4378
4386 4384 4385
4387 4383 4386
4388 4382 4387
4388 4381 4382
4381 4388 4372
4377 4372 4378
4377 4388 4372
4393 4392 4391
4390 4393 4391
4389 4394 4390
4388 4408 4389
4389 4408 4395
4400 4401 4402
4399 4402 4403
4398 4403 4404
4397 4404 4405
4396 4405 4406
4395 4406 4407
4408 4407 4395
4388 4377 4408
4377 4417 4408
4417 4409 4408
4416 4410 4409
4411 4415 4431
4431 4412 4411
4413 4412 4414
4377 4380 4417
4433 4380 4379
4432 4441 4433
4439 4432 4434
4438 4434 4435
4438 4436 4437
4422 4421 4420
4423 4420 4419
4424 4419 4418
4418 4425 4424
4417 4425 4418
4417 4380 4425
4425 4380 4426
4429 4430 4442
4428 4442 4443
4428 4444 4427
4427 4445 4426
4441 4426 4380
4441 4445 4426
4445 4441 4446
4446 4440 4447
4440 4446 4441
4464 4463 4462
4453 4452 4451
4454 4451 4450
4455 4450 4449
4456 4449 4448
4457 4448 4447
4447 4440 4457
4457 4439 4458
4457 4440 4439
4458 4439 4459
4459 4439 4470
4459 4470 4469
4459 4468 4460
4460 4467 4461
4461 4467 4466
4465 4461 4466
4433 4484 4432
4433 4482 4483
4379 4481 4482
4312 4378 4485
4378 4485 4481
4481 4485 4480
4485 4479 4480
4479 4485 4478
4475 4474 4476
4477 4474 4473
4478 4473 4472
4472 4485 4471
4472 4478 4485
4485 4471 4312
4501 4437 4502
4501 4436 4500
4436 4499 4500
4435 4498 4499
4435 4497 4498
4435 4496 4497
4435 4495 4496
4435 4494 4495
4435 4493 4494
4435 4492 4493
4435 4491 4492
4435 4434 4491
4491 4434 4490
4434 4489 4490
4486 4432 4484
4486 4434 4432
4487 4434 4486
4488 4434 4487
4488 4489 4434
4519 4502 4437
4519 4438 4518
4439 4438 4507
4439 4507 4470
4470 4507 4503
4503 4507 4504
4504 4507 4506
4505 4504 4506
4508 4438 4507
4508 4518 4438
4518 4509 4517
4517 4510 4516
4510 4515 4516
4511 4514 4515
4512 4513 4514
4522 4520 4521
4520 4522 4523
4552 4520 4523
4552 4523 4524
4532 4525 4531
4528 4529 4527
4526 4529 4530
4531 4526 4530
4534 4535 4536
4533 4536 4537
4524 4533 4552
4533 4551 4552
4533 4537 4551
4551 4538 4550
4546 4550 4549
4550 4546 4542
4550 4538 4542
4541 4539 4540
4539 4542 4538
4545 4544 4543
4546 4543 4542
4553 4547 4548
4549 4553 4546
4555 4554 4566
4555 4565 4556
4556 4564 4557
4558 4564 4563
4559 4563 4562
4560 4562 4561
4560 4567 4568
4567 4569 4568
4572 4570 4571
4573 4571 4574
4590 4588 4587
4586 4590 4587
4585 4589 4586
4574 4585 4573
4573 4584 4575
4575 4584 4576
4576 4578 4575
4577 4579 4578
4579 4581 4583
4582 4583 4581
4593 4594 4595
4595 4592 4593
4592 4591 4593
4599 4595 4594
4599 4596 4595
4599 4597 4596
4598 4610 4597
4600 4609 4610
4608 4601 4602
4602 4607 4608
4604 4607 4603
4604 4605 4606
4464 4462 4465
4612 4611 4641
4640 4612 4641
4620 4612 4619
4619 4613 4618
4619 4612 4613
4617 4613 4614
4616 4617 4614
4614 4615 4616
4627 4626 4625
4628 4625 4624
4623 4628 4624
4623 4629 4628
4622 4612 4623
4622 4620 4621
4620 4622 4612
4640 4623 4612
4640 4629 4623
4629 4639 4638
4629 4637 4630
4630 4636 4631
4636 4632 4631
4632 4635 4634
4632 4634 4633
4654 4646 4647
4653 4646 4654
4646 4653 4652
4651 4646 4652
4651 4650 4645
4645 4650 4644
4650 4649 4644
4649 4643 4644
4643 4648 4642
4655 4668 4656
4655 4667 4668
4669 4668 4658
4657 4658 4656
4658 4659 4669
4656 4658 4668
4659 4670 4669
4681 4682 4709
4708 4681 4709
4707 4680 4708
4706 4679 4707
4705 4679 4706
4705 4703 4678
4702 4678 4703
4701 4677 4702
4687 4676 4701
4674 4687 4686
4674 4686 4673
4685 4673 4686
4684 4672 4685
4683 4671 4684
4670 4659 4683
4683 4660 4661
4683 4659 4660
4661 4688 4683
4661 4662 4688
4692 4700 4699
4698 4697 4696
4696 4695 4698
4695 4694 4699
4694 4693 4699
4693 4692 4699
4692 4691 4700
4699 4698 4695
4666 4690 4665
4691 4666 4700
4691 4690 4666
4662 4689 4688
4662 4663 4689
4690 4663 4664
4664 4665 4690
4690 4689 4663
4313 4310 4311
4313 4321 4320
4309 4310 4313
4315 4320 4319
4316 4319 4318
4329 4330 4345
4330 4331 4346
4347 4346 4331
4347 4332 4333
4334 4335 4337
4339 4333 4334
4364 4368 4367
4363 4369 4368
4362 4370 4369
4359 4358 4356
4360 4359 4355
4375 4376 4373
4379 4380 4377
4386 4383 4384
4387 4382 4383
4390 4394 4393
4389 4395 4394
4399 4400 4402
4398 4399 4403
4397 4398 4404
4396 4397 4405
4395 4396 4406
4417 4416 4409
4416 4415 4410
4411 4410 4415
4431 4414 4412
4433 4441 4380
4432 4440 4441
4439 4440 4432
4438 4439 4434
4438 4435 4436
4423 4422 4420
4424 4423 4419
4428 4429 4442
4428 4443 4444
4427 4444 4445
4454 4453 4451
4455 4454 4450
4456 4455 4449
4457 4456 4448
4459 4469 4468
4460 4468 4467
4462 4461 4465
4433 4483 4484
4433 4379 4482
4379 4378 4481
4477 4476 4474
4478 4477 4473
4501 4437 4436
4436 4435 4499
4519 4437 4438
4518 4508 4509
4517 4509 4510
4510 4511 4515
4511 4512 4514
4532 4524 4525
4526 4527 4529
4531 4525 4526
4533 4534 4536
4524 4532 4533
4551 4537 4538
4539 4541 4542
4546 4545 4543
4549 4548 4553
4555 4566 4565
4556 4565 4564
4558 4557 4564
4559 4558 4563
4560 4559 4562
4560 4561 4567
4567 4570 4569
4572 4569 4570
4573 4572 4571
4586 4589 4590
4574 4589 4585
4573 4585 4584
4576 4577 4578
4577 4580 4579
4579 4580 4581
4599 4598 4597
4598 4600 4610
4600 4601 4609
4608 4609 4601
4602 4603 4607
4604 4606 4607
4617 4618 4613
4628 4627 4625
4640 4639 4629
4629 4638 4637
4630 4637 4636
4636 4635 4632
4651 4645 4646
4649 4648 4643
4708 4680 4681
4707 4679 4680
4705 4678 4679
4705 4704 4703
4702 4677 4678
4701 4676 4677
4687 4675 4676
4674 4675 4687
4685 4672 4673
4684 4671 4672
4683 4670 4671
4714 4715 4713
4712 4715 4716
4711 4716 4717
4710 4717 4718
4722 4718 4719
4721 4719 4720
4723 4720 4728
4728 4724 4723
4727 4725 4724
4746 4770 4747
4770 4745 4769
4768 4744 4769
4745 4769 4744
4744 4768 4743
4742 4768 4767
4741 4767 4766
4741 4766 4740
4739 4766 4765
4764 4739 4765
4763 4738 4764
4762 4737 4763
4788 4736 4762
4752 4725 4729
4729 4752 4786
4774 4773 4772
4733 4771 4732
4733 4773 4772
4735 4773 4734
4785 4786 4784
4784 4786 4783
4783 4786 4782
4786 4782 4731
4786 4785 4787
4787 4781 4786
4786 4754 4781
4777 4778 4776
4776 4779 4775
4775 4780 4774
4774 4781 4773
4735 4788 4773
4773 4781 4788
4756 4755 4757
4754 4758 4755
4757 4755 4758
4781 4754 4758
4788 4781 4759
4788 4760 4759
4788 4761 4760
4790 4796 4789
4797 4790 4791
4791 4798 4797
4799 4792 4793
4799 4793 4800
4793 4801 4800
4793 4750 4751
4794 4749 4750
4794 4748 4749
4795 4750 4794
4795 4801 4750
4712 4713 4715
4711 4712 4716
4710 4711 4717
4722 4710 4718
4721 4722 4719
4723 4721 4720
4728 4727 4724
4727 4726 4725
4770 4746 4745
4742 4743 4768
4741 4742 4767
4739 4740 4766
4764 4738 4739
4763 4737 4738
4762 4736 4737
4762 4761 4788
4788 4735 4736
4752 4726 4725
4752 4753 4786
4753 4754 4786
4786 4731 4730
4730 4729 4786
4733 4772 4771
4733 4734 4773
4776 4778 4779
4775 4779 4780
4774 4780 4781
4797 4796 4790
4791 4792 4798
4799 4798 4792
4793 4801 4750
4833 4821 4834
4832 4827 4833
4827 4821 4822
4825 4826 4822
4826 4827 4822
4827 4833 4821
4822 4823 4825
4823 4824 4825
4830 4832 4831
4828 4830 4827
4829 4830 4828
4830 4832 4827
4805 4806 4804
4846 4806 4804
4804 4803 4802
4802 4846 4804
4807 4806 4808
4846 4808 4806
4846 4847 4808
4809 4808 4847
4810 4809 4811
4849 4850 4851
4848 4851 4852
4847 4852 4809
4847 4848 4852
4809 4852 4811
4812 4811 4852
4857 4856 4855
4857 4854 4858
4859 4854 4853
4864 4853 4865
4860 4865 4852
4852 4861 4813
4813 4812 4852
4852 4860 4861
4835 4836 4834
4837 4836 4838
4820 4836 4821
4820 4819 4816
4819 4818 4817
4816 4819 4817
4816 4836 4820
4836 4834 4821
4838 4836 4816
4816 4815 4813
4815 4814 4813
4813 4838 4816
4813 4839 4838
4813 4861 4866
4861 4862 4866
4863 4866 4862
4845 4866 4863
4844 4866 4845
4843 4844 4842
4841 4842 4844
4840 4866 4839
4839 4813 4866
4866 4840 4841
4844 4841 4866
4904 4903 4912
4901 4903 4902
4912 4911 4901
4899 4900 4901
4896 4895 4897
4894 4893 4895
4867 4868 4888
4869 4888 4868
4870 4869 4891
4888 4869 4891
4892 4891 4893
4891 4893 4870
4871 4870 4872
4873 4872 4870
4874 4873 4870
4875 4874 4870
4870 4893 4875
4877 4876 4878
4878 4875 4876
4881 4882 4880
4879 4882 4883
4884 4885 4883
4886 4887 4885
4909 4890 4910
4910 4890 4911
4890 4885 4887
4901 4890 4885
4901 4911 4890
4901 4885 4899
4885 4899 4883
4899 4897 4883
4883 4897 4879
4895 4893 4897
4893 4897 4875
4875 4879 4897
4921 4920 4922
4920 4923 4922
4925 4923 4924
4926 4923 4925
4923 4920 4926
4920 4927 4926
4919 4928 4927
4929 4930 4928
4928 4918 4930
4933 4932 4931
4930 4933 4931
4930 4934 4933
4934 4930 4935
4930 4918 4935
4917 4935 4918
4917 4940 4916
4935 4917 4940
4943 4942 4944
4905 4944 4942
4941 4905 4942
4936 4939 4938
4936 4938 4937
4936 4935 4939
4940 4939 4935
4940 4905 4941
4916 4907 4906
4906 4940 4916
4906 4905 4940
4914 4907 4915
4913 4908 4914
4909 4913 4889
4889 4909 4890
4848 4849 4851
4857 4855 4854
4859 4858 4854
4864 4859 4853
4860 4864 4865
4901 4912 4903
4898 4897 4899
4878 4879 4875
4879 4880 4882
4920 4919 4927
4919 4918 4928
4916 4915 4907
4914 4908 4907
4913 4909 4908
4951 4945 4946
4947 4951 4946
4948 4952 4947
4949 4953 4948
4950 4954 4949
4958 4956 4957
4957 4955 4950
4969 4959 4958
4969 4961 4960
4967 4961 4968
4967 4963 4962
4963 4965 4964
4964 4979 4970
4970 4978 4971
4978 4972 4971
4972 4976 4973
4973 4975 4974
4974 4999 4980
4999 4981 4980
4982 4998 4997
4983 4997 4996
4984 4996 4995
4985 4984 4995
4995 4994 4985
4994 4993 4985
4992 4986 4993
4993 4986 4985
4992 4987 4986
4988 4991 4990
4990 4989 4988
4988 4987 4991
4947 4952 4951
4948 4953 4952
4949 4954 4953
4950 4955 4954
4958 4959 4956
4957 4956 4955
4969 4960 4959
4969 4968 4961
4967 4962 4961
4967 4966 4963
4963 4966 4965
4964 4965 4979
4970 4979 4978
4978 4977 4972
4972 4977 4976
4973 4976 4975
4974 4975 4999
4999 4998 4981
4982 4981 4998
4983 4982 4997
4984 4983 4996
4992 4991 4987
